0,0
0,3726360
0,3727059
0,3727670
0,3730032
0,3830003
0,3828182
0,3825488
0,3728483
0,3725923
0,3830190
0,3727690
0,3727113
0,3727846
0,3729461
0,3728855
0,3727093
0,3828500
0,3726885
0,3729174
0,3829674
0,3829829
0,3723808
0,3826606
0,3827266
0,3929480
0,3829021
0,3830275
0,3726745
0,3727164
0,3830259
0,3727422
0,3729026
0,3829524
0,3830810
0,3827627
0,3727577
0,3830082
0,3826757
0,3729105
0,3726062
0,3829956
0,3826624
0,3827284
0,3728088
0,3827750
0,3828627
0,3827211
0,3828601
0,3828452
0,3828887
0,3828355
0,3829254
0,3828054
0,3728370
0,3821207
0,3828966
0,3726464
0,3829282
0,3829417
0,3829146
0,3827692
0,3727791
0,3728525
0,3826041
0,3829468
0,3826428
0,3829558
0,3828180
0,3728062
0,3728903
0,3828806
0,3929706
0,3827213
0,3726757
0,3828757
0,3829459
0,3730661
0,3829304
0,3727590
0,3826591
0,3828512
0,3727679
0,3827393
0,3829350
0,3729248
0,3730492
0,3725592
0,3828253
0,3728100
0,3728543
0,3830740
0,3828606
0,3729076
0,3826402
0,3727856
0,3720449
0,3728968
0,3728238
0,3725499
0,3728209
0,3729368
0,3827994
0,3828066
0,3726493
0,3728275
0,3828538
0,3828667
0,3828160
0,3728768
0,3820929
0,3828471
0,3827608
0,3829375
0,3728600
0,3728438
0,3829425
0,3829170
0,3829143
0,3728480
0,3828031
0,3727787
0,3727061
0,3728039
0,3727963
0,3729539
0,3727324
0,3721642
0,3829155
0,3829922
0,3828257
0,3726616
0,3829022
0,3829949
0,3830320
0,3720971
0,3826564
0,3829041
0,3728516
0,3728383
0,3828312
0,3829438
0,3829286
0,3826916
0,3827845
0,3728184
0,3826375
0,3727402
0,3727599
0,3825825
0,3728610
0,3828953
0,3827464
0,3728367
0,3728322
0,3728408
0,3829344
0,3727739
0,3829532
0,3725937
0,3728615
0,3821072
0,3729047
0,3729399
0,3727393
0,3831439
0,3726573
0,3727030
0,3726871
0,3728038
0,3726814
0,3826621
0,3728670
0,3726615
0,3728713
0,3826972
0,3727090
0,3726838
0,3828393
0,3826758
0,3828984
0,3728504
0,3720488
0,3728617
0,3728179
0,3727253
0,3726756
0,3825917
0,3829885
0,3728326
0,3727198
0,3727954
0,3828895
0,3727340
0,3828851
0,3727151
0,3727668
0,3823787
0,3726400
0,3828582
0,3727277
0,3729044
0,3726629
0,3727341
0,3728180
0,3728610
0,3829518
0,3821055
0,3830266
0,3828400
0,3726956
0,3729466
0,3727904
0,3727256
0,3828796
0,3728253
0,3828770
0,3727426
0,3728121
0,3827473
0,3726460
0,3728444
0,3729802
0,3726169
0,3726927
0,3727070
0,3828991
0,3827395
0,3829769
0,3727307
0,3728976
0,3729631
0,3729116
0,3829220
0,3828958
0,3728161
0,3728111
0,3727892
0,3826464
0,3728037
0,3826512
0,3829309
0,3727878
0,3728356
0,3830587
0,3727050
0,3830384
0,3728388
0,3726335
0,3726970
0,3727667
0,3829251
0,3728628
0,3827357
0,3726257
0,3728254
0,3720499
0,3829549
0,3829545
0,3729142
0,3828276
0,3830228
0,3729072
0,3828319
0,3727021
0,3726032
0,3729291
0,3729277
0,3730224
0,3829119
0,3929464
0,3829298
0,3829421
0,3829046
0,3726655
0,3930218
0,3727106
0,3828364
0,3727153
0,3830376
0,3829222
0,3829298
0,3828887
0,3828282
0,3729353
0,3728621
0,3729988
0,3727510
0,3827214
0,3729744
0,3829726
0,3730990
0,3730365
0,3828108
0,3830016
0,3830653
0,3728144
0,3726549
0,3826273
0,3728953
0,3727395
0,3829767
0,3827188
0,3730806
0,3726531
0,3830080
0,3727276
0,3728296
0,3728473
0,3829404
0,3829356
0,3827884
0,3828822
0,3829813
0,3727930
0,3829192
0,3729357
0,3830030
0,3727692
0,3829012
0,3730473
0,3728242
0,3828414
0,3827464
0,3829179
0,3727081
0,3729369
0,3825900
0,3829908
0,3727976
0,3728428
0,3823263
0,3727970
0,3822751
0,3727700
0,3728581
0,3828209
0,3725661
0,3725175
0,3727925
0,3827576
0,3727131
0,3827420
0,3728797
0,3821012
0,3727152
0,3828178
0,3728017
0,3728643
0,3820983
0,3828887
0,3827404
0,3829006
0,3726278
0,3725185
0,3828460
0,3828798
0,3727932
0,3727739
0,3726643
0,3828090
0,3726516
0,3727289
0,3830868
0,3727719
0,3728125
0,3829323
0,3728694
0,3828406
0,3830966
0,3829388
0,3827075
0,3726589
0,3729008
0,3830545
0,3729543
0,3727426
0,3829980
0,3720598
0,3829321
0,3828114
0,3727488
0,3828688
0,3826510
0,3728242
0,3728474
0,3827925
0,3828337
0,3826497
0,3828606
0,3829668
0,3827338
0,3828397
0,3725853
0,3728364
0,3727311
0,3726924
0,3829040
0,3729828
0,3720536
0,3728917
0,3727629
0,3726605
0,3727498
0,3626300
0,3720554
0,3729403
0,3726393
0,3728670
0,3728360
0,3729821
0,3730199
0,3625817
0,3728764
0,3730614
0,3629288
0,3721424
0,3628092
0,3727202
0,3726865
0,3625964
0,3628077
0,3828582
0,3728106
0,3727963
0,3728293
0,3726040
0,3727733
0,3728782
0,3730123
0,3725684
0,3626966
0,3627361
0,3728679
0,3728563
0,3726576
0,3827493
0,3826882
0,3726915
0,3827760
0,3727519
0,3830232
0,3830837
0,3728125
0,3725236
0,3726215
0,3728597
0,3722424
0,3728221
0,3828160
0,3728683
0,3727500
0,3729090
0,3727700
0,3727958
0,3727956
0,3727971
0,3729027
0,3729144
0,3729811
0,3726825
0,3729132
0,3729599
0,3728951
0,3627493
0,3720382
0,3725876
0,3727507
0,3729054
0,3728566
0,3728352
0,3729065
0,3829917
0,3726470
0,3720554
0,3727627
0,3629046
0,3628564
0,3625412
0,3729177
0,3627616
0,3727751
0,3628194
0,3626838
0,3628288
0,3626399
0,3626689
0,3626350
0,3525943
0,3628019
0,3525502
0,3527455
0,3527530
0,3526296
0,3625749
0,3526677
0,3525141
0,3525165
0,3527520
0,3524563
0,3526085
0,3627693
0,3626231
0,3628981
0,3527495
0,3527698
0,3519122
0,3628909
0,3526876
0,3525514
0,3626986
0,3526261
0,3626282
0,3527112
0,3625388
0,3528926
0,3526644
0,3625478
0,3626171
0,3627090
0,3519349
0,3626916
0,3627276
0,3627374
0,3627454
0,3626320
0,3629422
0,3627721
0,3624218
0,3526613
0,3629304
0,3519311
0,3525894
0,3528107
0,3526582
0,3529083
0,3427381
0,3527649
0,3625635
0,3629042
0,3526574
0,3626839
0,3524052
0,3425918
0,3527403
0,3525753
0,3525215
0,3528707
0,3520085
0,3627636
0,3627172
0,3526666
0,3627083
0,3526442
0,3527614
0,3527251
0,3526554
0,3627274
0,3627165
0,3627248
0,3628928
0,3626343
0,3727157
0,3626230
0,3627788
0,3627517
0,3627555
0,3619845
0,3728831
0,3628062
0,3727741
0,3726585
0,3726617
0,3628212
0,3727828
0,3729019
0,3730328
0,3628035
0,3625767
0,3628301
0,3625326
0,3729022
0,3626363
0,3628251
0,3627144
0,3727966
0,3628028
0,3729947
0,3727133
0,3629196
0,3626582
0,3624744
0,3727793
0,3626326
0,3727539
0,3729526
0,3627117
0,3729496
0,3726545
0,3628705
0,3629244
0,3627322
0,3627106
0,3728128
0,3628662
0,3625827
0,3627538
0,3629114
0,3627414
0,3621131
0,3727364
0,3627454
0,3725685
0,3625000
0,3625935
0,3727189
0,3627765
0,3629079
0,3727840
0,3729002
0,3629799
0,3626705
0,3625788
0,3626139
0,3627943
0,3627150
0,3627160
0,3626325
0,3626482
0,3727181
0,3627360
0,3626696
0,3626347
0,3627115
0,3627034
0,3627690
0,3627583
0,3626589
0,3728532
0,3629016
0,3628174
0,3727708
0,3626170
0,3626392
0,3726792
0,3626104
0,3629372
0,3725546
0,3626623
0,3628558
0,3729856
0,3627563
0,3621885
0,3626730
0,3629029
0,3627234
0,3628381
0,3624987
0,3627398
0,3729834
0,3725415
0,3627128
0,3627883
0,3625597
0,3628738
0,3628672
0,3626182
0,3724468
0,3729620
0,3626922
0,3728000
0,3726827
0,3620855
0,3623978
0,3628281
0,3626481
0,3626656
0,3628735
0,3627900
0,3727424
0,3629500
0,3628993
0,3625093
0,3626093
0,3627667
0,3627262
0,3728096
0,3628011
0,3625840
0,3625361
0,3627882
0,3627972
0,3627230
0,3626597
0,3627376
0,3729749
0,3628368
0,3627958
0,3623884
0,3625063
0,3619976
0,3627836
0,3627631
0,3627429
0,3626228
0,3625376
0,3728750
0,3627980
0,3727976
0,3728646
0,3727039
0,3625765
0,3628499
0,3728341
0,3726345
0,3629642
0,3729187
0,3627256
0,3626326
0,3628358
0,3624578
0,3629014
0,3625306
0,3626476
0,3625537
0,3624997
0,3627966
0,3727583
0,3627243
0,3628328
0,3626249
0,3625105
0,3626439
0,3727935
0,3626765
0,3625262
0,3626890
0,3626118
0,3627787
0,3627224
0,3623632
0,3720590
0,3627677
0,3627972
0,3626687
0,3628941
0,3625082
0,3727880
0,3729504
0,3627526
0,3728053
0,3619878
0,3728105
0,3627743
0,3624363
0,3726476
0,3623773
0,3626470
0,3625181
0,3728533
0,3726559
0,3728350
0,3729946
0,3724981
0,3729104
0,3724818
0,3727699
0,3628184
0,3720520
0,3727248
0,3729128
0,3729257
0,3728219
0,3828152
0,3728466
0,3630192
0,3725839
0,3728129
0,3728072
0,3726656
0,3726681
0,3727617
0,3727665
0,3725394
0,3727170
0,3826030
0,3726566
0,3827933
0,3728224
0,3829342
0,3728481
0,3729064
0,3724923
0,3728483
0,3827891
0,3729202
0,3729557
0,3729677
0,3730251
0,3727887
0,3827103
0,3726632
0,3728234
0,3828834
0,3726274
0,3827839
0,3729202
0,3821870
0,3729532
0,3728290
0,3829353
0,3829037
0,3828633
0,3726744
0,3728154
0,3726219
0,3728313
0,3726561
0,3830329
0,3728999
0,3727349
0,3730049
0,3728922
0,3727237
0,3829996
0,3729248
0,3728825
0,3728125
0,3727730
0,3729376
0,3729561
0,3728732
0,3827974
0,3727876
0,3728739
0,3727593
0,3628760
0,3628935
0,3825940
0,3627183
0,3625240
0,3628343
0,3626856
0,3627524
0,3527959
0,3626896
0,3626281
0,3627455
0,3526342
0,3521080
0,3527840
0,3526867
0,3524735
0,3426789
0,3524855
0,3426587
0,3525966
0,3425336
0,3527189
0,3424584
0,3424147
0,3525023
0,3528077
0,3425571
0,3425909
0,3426927
0,3423209
0,3420670
0,3427276
0,3426398
0,3425911
0,3426595
0,3427078
0,3424965
0,3425032
0,3425518
0,3525662
0,3423861
0,3426054
0,3427256
0,3424941
0,3425946
0,3427055
0,3424115
0,3519450
0,3527254
0,3426110
0,3527322
0,3526594
0,3425727
0,3424611
0,3525598
0,3423689
0,3526170
0,3418759
0,3524273
0,3526281
0,3525696
0,3525611
0,3424180
0,3525913
0,3425314
0,3525972
0,3425376
0,3526986
0,3526725
0,3519245
0,3527333
0,3526751
0,3526151
0,3627792
0,3527293
0,3525239
0,3526391
0,3628597
0,3526608
0,3627512
0,3628465
0,3524518
0,3626641
0,3629822
0,3625324
0,3627530
0,3627317
0,3626436
0,3628058
0,3626792
0,3627419
0,3726741
0,3628200
0,3626273
0,3626208
0,3626920
0,3728532
0,3628665
0,3728242
0,3627158
0,3629471
0,3726371
0,3627407
0,3728919
0,3727154
0,3628885
0,3726548
0,3726564
0,3627617
0,3726952
0,3626226
0,3628086
0,3729103
0,3727310
0,3627142
0,3728988
0,3727881
0,3725866
0,3627847
0,3728552
0,3727386
0,3728548
0,3727528
0,3728479
0,3626041
0,3728815
0,3725683
0,3726463
0,3727805
0,3729975
0,3728024
0,3729158
0,3726999
0,3828489
0,3728568
0,3728202
0,3727256
0,3727166
0,3720545
0,3729293
0,3627266
0,3725407
0,3726575
0,3626438
0,3626437
0,3621874
0,3627474
0,3526143
0,3619838
0,3621112
0,3728395
0,3629249
0,3628894
0,3626223
0,3626991
0,3627816
0,3524547
0,3627529
0,3625673
0,3625702
0,3626500
0,3627789
0,3627082
0,3620019
0,3526633
0,3526489
0,3526530
0,3526024
0,3526600
0,3526309
0,3627418
0,3527107
0,3527057
0,3524431
0,3627987
0,3519511
0,3525586
0,3527656
0,3528454
0,3426082
0,3525843
0,3425803
0,3620265
0,3527701
0,3527034
0,3526661
0,3527704
0,3525918
0,3527417
0,3528184
0,3526250
0,3524961
0,3624443
0,3627036
0,3526318
0,3626176
0,3626101
0,3629359
0,3626846
0,3528013
0,3626219
0,3527839
0,3623593
0,3626649
0,3625993
0,3525550
0,3525453
0,3625621
0,3628101
0,3628331
0,3626021
0,3628553
0,3627183
0,3628994
0,3625464
0,3626506
0,3626231
0,3620049
0,3628788
0,3626797
0,3626165
0,3625602
0,3626400
0,3627933
0,3625500
0,3626191
0,3627760
0,3728311
0,3628717
0,3726000
0,3626637
0,3628283
0,3626072
0,3628070
0,3625458
0,3624751
0,3624285
0,3727166
0,3729530
0,3725779
0,3729388
0,3626981
0,3627491
0,3626168
0,3728366
0,3619987
0,3729421
0,3727973
0,3628706
0,3728145
0,3625806
0,3728130
0,3726713
0,3727988
0,3726289
0,3727887
0,3627509
0,3621475
0,3728687
0,3729309
0,3728554
0,3629237
0,3728108
0,3726293
0,3728531
0,3726930
0,3627457
0,3628574
0,3727731
0,3828675
0,3728821
0,3828969
0,3725541
0,3728382
0,3728095
0,3726895
0,3720513
0,3728385
0,3727866
0,3729774
0,3729205
0,3729978
0,3728062
0,3727269
0,3726612
0,3728495
0,3626108
0,3727310
0,3725261
0,3728894
0,3829905
0,3627856
0,3729103
0,3728190
0,3727483
0,3729234
0,3729962
0,3724373
0,3728369
0,3826402
0,3728760
0,3727524
0,3726113
0,3726649
0,3821043
0,3729646
0,3729592
0,3727032
0,3720802
0,3729013
0,3724897
0,3727139
0,3720536
0,3727916
0,3728742
0,3728234
0,3725416
0,3829254
0,3728880
0,3728542
0,3725889
0,3728526
0,3728245
0,3726465
0,3727400
0,3729018
0,3730306
0,3727975
0,3728872
0,3725930
0,3726702
0,3727031
0,3829163
0,3829892
0,3720595
0,3727296
0,3826724
0,3729179
0,3720452
0,3725104
0,3729631
0,3730937
0,3829336
0,3731141
0,3729279
0,3726656
0,3720367
0,3729740
0,3729485
0,3727459
0,3728847
0,3627332
0,3728473
0,3727941
0,3627178
0,3728314
0,3625696
0,3627282
0,3728101
0,3729183
0,3724444
0,3627530
0,3626958
0,3627431
0,3726861
0,3626216
0,3726613
0,3629740
0,3626913
0,3727114
0,3627620
0,3627615
0,3629922
0,3629630
0,3729174
0,3628061
0,3628155
0,3729537
0,3628362
0,3626175
0,3626521
0,3627842
0,3727638
0,3626389
0,3628399
0,3619814
0,3627141
0,3727620
0,3627883
0,3625991
0,3629300
0,3627540
0,3629564
0,3625865
0,3625199
0,3627979
0,3625839
0,3619965
0,3627895
0,3627786
0,3727607
0,3727185
0,3626592
0,3625296
0,3626240
0,3625155
0,3727414
0,3727935
0,3626796
0,3727106
0,3628942
0,3626059
0,3726654
0,3727507
0,3728542
0,3726725
0,3729301
0,3724884
0,3729763
0,3728246
0,3821255
0,3727931
0,3720428
0,3727650
0,3727149
0,3728448
0,3726375
0,3728002
0,3828928
0,3727303
0,3728393
0,3727258
0,3726583
0,3828586
0,3729104
0,3727028
0,3729184
0,3727383
0,3726920
0,3722431
0,3727154
0,3729576
0,3728232
0,3728123
0,3728630
0,3625972
0,3724579
0,3729360
0,3626321
0,3823019
0,3729250
0,3727918
0,3629232
0,3727808
0,3729907
0,3726410
0,3728385
0,3726269
0,3730074
0,3729284
0,3628407
0,3627927
0,3726181
0,3825970
0,3728271
0,3626304
0,3728332
0,3728868
0,3728317
0,3728181
0,3728657
0,3730047
0,3830073
0,3827403
0,3727142
0,3728423
0,3727817
0,3729291
0,3730529
0,3726833
0,3724695
0,3727853
0,3726075
0,3827682
0,3727494
0,3828607
0,3728276
0,3726685
0,3728045
0,3829123
0,3728321
0,3724768
0,3726285
0,3826914
0,3725729
0,3727252
0,3827516
0,3727645
0,3826695
0,3728564
0,3728429
0,3829058
0,3825328
0,3831551
0,3728084
0,3728714
0,3727558
0,3728484
0,3627973
0,3729202
0,3728587
0,3728424
0,3719989
0,3726473
0,3727341
0,3725537
0,3830132
0,3726208
0,3727396
0,3728430
0,3830150
0,3728874
0,3729179
0,3726253
0,3729360
0,3728772
0,3728115
0,3827523
0,3728821
0,3828215
0,3720275
0,3728424
0,3726542
0,3828374
0,3828840
0,3827036
0,3727915
0,3820706
0,3728210
0,3826420
0,3727724
0,3720280
0,3828141
0,3829461
0,3829954
0,3728198
0,3729085
0,3828704
0,3821836
0,3725596
0,3829646
0,3727853
0,3829737
0,3726850
0,3727720
0,3728109
0,3828855
0,3727245
0,3728698
0,3726741
0,3728960
0,3726266
0,3728816
0,3730505
0,3728400
0,3728705
0,3728407
0,3727853
0,3729000
0,3727003
0,3727692
0,3624988
0,3726147
0,3627062
0,3726881
0,3726062
0,3626370
0,3728619
0,3727263
0,3727142
0,3728358
0,3728641
0,3727150
0,3628520
0,3726775
0,3728658
0,3729217
0,3728241
0,3728061
0,3728991
0,3728396
0,3720133
0,3720161
0,3729855
0,3729493
0,3728614
0,3729993
0,3726454
0,3725905
0,3726165
0,3728956
0,3726834
0,3726942
0,3723817
0,3725582
0,3727614
0,3729058
0,3827765
0,3725632
0,3729295
0,3828798
0,3828550
0,3829415
0,3729108
0,3727664
0,3728067
0,3829995
0,3726920
0,3729205
0,3727857
0,3828013
0,3829528
0,3826561
0,3728771
0,3726738
0,3727455
0,3728466
0,3729431
0,3830098
0,3829448
0,3829909
0,3724069
0,3725524
0,3829133
0,3729659
0,3728611
0,3828935
0,3829992
0,3826796
0,3827518
0,3821054
0,3829029
0,3727744
0,3829624
0,3728503
0,3820955
0,3828392
0,3720305
0,3828890
0,3729031
0,3821334
0,3830572
0,3727885
0,3727424
0,3727603
0,3728551
0,3829390
0,3728007
0,3824687
0,3727524
0,3727986
0,3728302
0,3728544
0,3720242
0,3728900
0,3828407
0,3829898
0,3727442
0,3726389
0,3726993
0,3728213
0,3727880
0,3730415
0,3727678
0,3826829
0,3728378
0,3729523
0,3728720
0,3726802
0,3728613
0,3728635
0,3728479
0,3830371
0,3729053
0,3829240
0,3726029
0,3729840
0,3830369
0,3728417
0,3728242
0,3728700
0,3724848
0,3628881
0,3729012
0,3726991
0,3627055
0,3728416
0,3728820
0,3728826
0,3727330
0,3728417
0,3728438
0,3727088
0,3725244
0,3729451
0,3729041
0,3724177
0,3728556
0,3726136
0,3728502
0,3726951
0,3726813
0,3729204
0,3727937
0,3828385
0,3726358
0,3727050
0,3728489
0,3728754
0,3827867
0,3726104
0,3726796
0,3728904
0,3728516
0,3725585
0,3720450
0,3726693
0,3828067
0,3728491
0,3726867
0,3727136
0,3829216
0,3830088
0,3827220
0,3728704
0,3829389
0,3727418
0,3728496
0,3829919
0,3729302
0,3728390
0,3828833
0,3829533
0,3821411
0,3727367
0,3726837
0,3829046
0,3729104
0,3726845
0,3726183
0,3728395
0,3727408
0,3727335
0,3829754
0,3728414
0,3825916
0,3829701
0,3827074
0,3728753
0,3826182
0,3827650
0,3828413
0,3830992
0,3723580
0,3829471
0,3727348
0,3829711
0,3828712
0,3729398
0,3829981
0,3729773
0,3828551
0,3828774
0,3728407
0,3726313
0,3728374
0,3727877
0,3727924
0,3826657
0,3728440
0,3727231
0,3827180
0,3826131
0,3828750
0,3829827
0,3826743
0,3828427
0,3827566
0,3821176
0,3728675
0,3829175
0,3823780
0,3828288
0,3728101
0,3831327
0,3824905
0,3728599
0,3826463
0,3726426
0,3827972
0,3827788
0,3830864
0,3828775
0,3830685
0,3720557
0,3821561
0,3827796
0,3830179
0,3828537
0,3729944
0,3726963
0,3828681
0,3728843
0,3729066
0,3727895
0,3827479
0,3729288
0,3829121
0,3829040
0,3720808
0,3729449
0,3728129
0,3724865
0,3826009
0,3826856
0,3726536
0,3828898
0,3829061
0,3728273
0,3829444
0,3829082
0,3729085
0,3728984
0,3827427
0,3727990
0,3826640
0,3821065
0,3726942
0,3727332
0,3827169
0,3829111
0,3727652
0,3830909
0,3727234
0,3725555
0,3828936
0,3827563
0,3829642
0,3829968
0,3830752
0,3728124
0,3728232
0,3830985
0,3726329
0,3729544
0,3825851
0,3826638
0,3826288
0,3830486
0,3727472
0,3728811
0,3829364
0,3829541
0,3826748
0,3829966
0,3820771
0,3728852
0,3728697
0,3729716
0,3827115
0,3821037
0,3820841
0,3828815
0,3728421
0,3828951
0,3829690
0,3729360
0,3921717
0,3728982
0,3829468
0,3829574
0,3827456
0,3830297
0,3728268
0,3727599
0,3729061
0,3828853
0,3726494
0,3828824
0,3828236
0,3726731
0,3827032
0,3826852
0,3829295
0,3727527
0,3829297
0,3729011
0,3826978
0,3829040
0,3728998
0,3827769
0,3721794
0,3727540
0,3825147
0,3827693
0,3831156
0,3826940
0,3720400
0,3729489
0,3827673
0,3829735
0,3830272
0,3726709
0,3728556
0,3729917
0,3727293
0,3827487
0,3821308
0,3828617
0,3830428
0,3729550
0,3829559
0,3828438
0,3726784
0,3725674
0,3729728
0,3828655
0,3726708
0,3821655
0,3829140
0,3830143
0,3729437
0,3727368
0,3826614
0,3827479
0,3727819
0,3824428
0,3828749
0,3727120
0,3727476
0,3728766
0,3827453
0,3830649
0,3828694
0,3728840
0,3829448
0,3728160
0,3728675
0,3828802
0,3728574
0,3829464
0,3829453
0,3730538
0,3728170
0,3727836
0,3727399
0,3729354
0,3726886
0,3828830
0,3827998
0,3831035
0,3720415
0,3728905
0,3829402
0,3728087
0,3727138
0,3725832
0,3726594
0,3726706
0,3828443
0,3829859
0,3728822
0,3820726
0,3831697
0,3729196
0,3728192
0,3826586
0,3827102
0,3829463
0,3829141
0,3828933
0,3730013
0,3720279
0,3728934
0,3726949
0,3826773
0,3727492
0,3829229
0,3731098
0,3821075
0,3728462
0,3727751
0,3720440
0,3730269
0,3720616
0,3827862
0,3828821
0,3729325
0,3728029
0,3727769
0,3828110
0,3727245
0,3728010
0,3727614
0,3729829
0,3828370
0,3721921
0,3726092
0,3727671
0,3827545
0,3827455
0,3829437
0,3729728
0,3725668
0,3728841
0,3728865
0,3826690
0,3726222
0,3829051
0,3727599
0,3726857
0,3727909
0,3728534
0,3627356
0,3728055
0,3729050
0,3725720
0,3728389
0,3727454
0,3727057
0,3727649
0,3720410
0,3728238
0,3724280
0,3726834
0,3626544
0,3728865
0,3627273
0,3626413
0,3628260
0,3627936
0,3626561
0,3625974
0,3625651
0,3628254
0,3726239
0,3627289
0,3626754
0,3619871
0,3626742
0,3627858
0,3626950
0,3629444
0,3730192
0,3628766
0,3726313
0,3627302
0,3627511
0,3622291
0,3628991
0,3627839
0,3727359
0,3729292
0,3619877
0,3729060
0,3619869
0,3720429
0,3627315
0,3628094
0,3727371
0,3627005
0,3628350
0,3626614
0,3728953
0,3824631
0,3726594
0,3626962
0,3730183
0,3729202
0,3728610
0,3729050
0,3729926
0,3727787
0,3628425
0,3727922
0,3727828
0,3727969
0,3627651
0,3627648
0,3626820
0,3628635
0,3720469
0,3726972
0,3627478
0,3729179
0,3728743
0,3725429
0,3727497
0,3727678
0,3726319
0,3627887
0,3727076
0,3729718
0,3628119
0,3728698
0,3625953
0,3628642
0,3727298
0,3828303
0,3727587
0,3728316
0,3728183
0,3626675
0,3726009
0,3626966
0,3625876
0,3727238
0,3627671
0,3727617
0,3628614
0,3728088
0,3728310
0,3628465
0,3729798
0,3626752
0,3626262
0,3628013
0,3620016
0,3728874
0,3627687
0,3627618
0,3627053
0,3626611
0,3726810
0,3729078
0,3727665
0,3627647
0,3626199
0,3626238
0,3627385
0,3829288
0,3622881
0,3727610
0,3624622
0,3626948
0,3628382
0,3625744
0,3629066
0,3629288
0,3626166
0,3626284
0,3728182
0,3627138
0,3625486
0,3625210
0,3729069
0,3526576
0,3625731
0,3627232
0,3728674
0,3625341
0,3626338
0,3728506
0,3626975
0,3620007
0,3727808
0,3726985
0,3629084
0,3730345
0,3729071
0,3728094
0,3725267
0,3627265
0,3627727
0,3627078
0,3627054
0,3726136
0,3728074
0,3727407
0,3726776
0,3626997
0,3729268
0,3728003
0,3728452
0,3720585
0,3728643
0,3726040
0,3727191
0,3828124
0,3827661
0,3730065
0,3828368
0,3829706
0,3830945
0,3729570
0,3728518
0,3725498
0,3728297
0,3820838
0,3829925
0,3729098
0,3826267
0,3726626
0,3827357
0,3831120
0,3727754
0,3928997
0,3720600
0,3829919
0,3728251
0,3728378
0,3831603
0,3826735
0,3727756
0,3827975
0,3828246
0,3828241
0,3727335
0,3826491
0,3730385
0,3828503
0,3828598
0,3829163
0,3726574
0,3828215
0,3829110
0,3827768
0,3727185
0,3727226
0,3726574
0,3720543
0,3728177
0,3830499
0,3831216
0,3829352
0,3727030
0,3727815
0,3728819
0,3727356
0,3828520
0,3728953
0,3830329
0,3728250
0,3727232
0,3727941
0,3728830
0,3720431
0,3728399
0,3728426
0,3829832
0,3727334
0,3827721
0,3727140
0,3727104
0,3728293
0,3829776
0,3827629
0,3729596
0,3827275
0,3727792
0,3821057
0,3728409
0,3727742
0,3831323
0,3726927
0,3828779
0,3829794
0,3828474
0,3727885
0,3830361
0,3730287
0,3726021
0,3827884
0,3828023
0,3728231
0,3727011
0,3826781
0,3829933
0,3726698
0,3829551
0,3728890
0,3727568
0,3830507
0,3829762
0,3821132
0,3729073
0,3727144
0,3827317
0,3829187
0,3821050
0,3830018
0,3729240
0,3826391
0,3728256
0,3727440
0,3727800
0,3725870
0,3831300
0,3827655
0,3825831
0,3628768
0,3729731
0,3729366
0,3821180
0,3828656
0,3829049
0,3724381
0,3728041
0,3829736
0,3827263
0,3728525
0,3827935
0,3821014
0,3726648
0,3828280
0,3729461
0,3728620
0,3729087
0,3728323
0,3829331
0,3829951
0,3728250
0,3829687
0,3827031
0,3727148
0,3828095
0,3829386
0,3828408
0,3728387
0,3828758
0,3829250
0,3827490
0,3828943
0,3727125
0,3828546
0,3826633
0,3828700
0,3829773
0,3729973
0,3928263
0,3728189
0,3826129
0,3725541
0,3720562
0,3828902
0,3727259
0,3829632
0,3830392
0,3728579
0,3728022
0,3830479
0,3728356
0,3727421
0,3726850
0,3730231
0,3827245
0,3727646
0,3830018
0,3827395
0,3727373
0,3827831
0,3826772
0,3827507
0,3829170
0,3728869
0,3821128
0,3828130
0,3827692
0,3828617
0,3827072
0,3829404
0,3828563
0,3827882
0,3830502
0,3729494
0,3828511
0,3830043
0,3828934
0,3929835
0,3727326
0,3729140
0,3828454
0,3826134
0,3829069
0,3829163
0,3829186
0,3820911
0,3827467
0,3727929
0,3827905
0,3827885
0,3830148
0,3827368
0,3830758
0,3829761
0,3828207
0,3828811
0,3729313
0,3730514
0,3827089
0,3827822
0,3830025
0,3831000
0,3726340
0,3830059
0,3828073
0,3826820
0,3828810
0,3826741
0,3726899
0,3829666
0,3727040
0,3827079
0,3720182
0,3823319
0,3831743
0,3728619
0,3727848
0,3830098
0,3827357
0,3829241
0,3820748
0,3828654
0,3829786
0,3828213
0,3829036
0,3828708
0,3727364
0,3827895
0,3827849
0,3827671
0,3828617
0,3828475
0,3727834
0,3720450
0,3727936
0,3826029
0,3828404
0,3728307
0,3726901
0,3831090
0,3728464
0,3828663
0,3828564
0,3728520
0,3829361
0,3828127
0,3727616
0,3829989
0,3828644
0,3828952
0,3829415
0,3726760
0,3829300
0,3727643
0,3829431
0,3828330
0,3828700
0,3827808
0,3820882
0,3727558
0,3828769
0,3830278
0,3828632
0,3829278
0,3830264
0,3829238
0,3828795
0,3829459
0,3827218
0,3827581
0,3829236
0,3827993
0,3728373
0,3829740
0,3827251
0,3830200
0,3827340
0,3820816
0,3832110
0,3826923
0,3928740
0,3828885
0,3828420
0,3727867
0,3729049
0,3828811
0,3831700
0,3830385
0,3827330
0,3728632
0,3828042
0,3827718
0,3828398
0,3829605
0,3826948
0,3825672
0,3827783
0,3826573
0,3829771
0,3825950
0,3826939
0,3728306
0,3829683
0,3829457
0,3729076
0,3825078
0,3726833
0,3828709
0,3828407
0,3828875
0,3727395
0,3826015
0,3825469
0,3727475
0,3825355
0,3828789
0,3829620
0,3820933
0,3728300
0,3727850
0,3728262
0,3828710
0,3829596
0,3729986
0,3728182
0,3720423
0,3727482
0,3831093
0,3826434
0,3828231
0,3725318
0,3828257
0,3726381
0,3829741
0,3727837
0,3726727
0,3830596
0,3728619
0,3829490
0,3727346
0,3727159
0,3829242
0,3831088
0,3830082
0,3726293
0,3829524
0,3827676
0,3829020
0,3825355
0,3728537
0,3728852
0,3728237
0,3729725
0,3829537
0,3828710
0,3730209
0,3727692
0,3820949
0,3725999
0,3829133
0,3727608
0,3827515
0,3727733
0,3827329
0,3727136
0,3727608
0,3727851
0,3720439
0,3728141
0,3829644
0,3727031
0,3727743
0,3727821
0,3728027
0,3726288
0,3729268
0,3720411
0,3725960
0,3828277
0,3727167
0,3727990
0,3828583
0,3730351
0,3827205
0,3729981
0,3726426
0,3822115
0,3830766
0,3721833
0,3728657
0,3726036
0,3629243
0,3728270
0,3628870
0,3727447
0,3728835
0,3729384
0,3726288
0,3727479
0,3829995
0,3729016
0,3728921
0,3625522
0,3725932
0,3725073
0,3727228
0,3627382
0,3729982
0,3728100
0,3629505
0,3626053
0,3626967
0,3728162
0,3626936
0,3625716
0,3626836
0,3626120
0,3619849
0,3626364
0,3625778
0,3626618
0,3626026
0,3628409
0,3628645
0,3628872
0,3627339
0,3626634
0,3726370
0,3627495
0,3629029
0,3626377
0,3628283
0,3628419
0,3727675
0,3727483
0,3626208
0,3729529
0,3619848
0,3727809
0,3625138
0,3627122
0,3626977
0,3626427
0,3626579
0,3625775
0,3619907
0,3720368
0,3727817
0,3628281
0,3619845
0,3626938
0,3728414
0,3626793
0,3625500
0,3727724
0,3625790
0,3619828
0,3727585
0,3627388
0,3627440
0,3628136
0,3627963
0,3628123
0,3625627
0,3726936
0,3628422
0,3726821
0,3725390
0,3626716
0,3624253
0,3726877
0,3627623
0,3627546
0,3628623
0,3625846
0,3727530
0,3627221
0,3627179
0,3628828
0,3626454
0,3627172
0,3624765
0,3627549
0,3728226
0,3625967
0,3626988
0,3629323
0,3627680
0,3626105
0,3626436
0,3627311
0,3726964
0,3627540
0,3626693
0,3728461
0,3626181
0,3626617
0,3627703
0,3625847
0,3629212
0,3626208
0,3727872
0,3627309
0,3626285
0,3628682
0,3726490
0,3726864
0,3728202
0,3729316
0,3730138
0,3728302
0,3726923
0,3620769
0,3626513
0,3626936
0,3628386
0,3729413
0,3727783
0,3728945
0,3729247
0,3727906
0,3827836
0,3727636
0,3828147
0,3829252
0,3729573
0,3731244
0,3726208
0,3726609
0,3720501
0,3727554
0,3828932
0,3825931
0,3828334
0,3725928
0,3726127
0,3829712
0,3729928
0,3830238
0,3828422
0,3728750
0,3830099
0,3728819
0,3830469
0,3828939
0,3828692
0,3824538
0,3728390
0,3825898
0,3727123
0,3830076
0,3829534
0,3723736
0,3828649
0,3727389
0,3828541
0,3720418
0,3728312
0,3827680
0,3828164
0,3728811
0,3727641
0,3829406
0,3728024
0,3727408
0,3728596
0,3727912
0,3828342
0,3727723
0,3829360
0,3827780
0,3726565
0,3826944
0,3727741
0,3726819
0,3723520
0,3727776
0,3828406
0,3728373
0,3829196
0,3728419
0,3727344
0,3727315
0,3726554
0,3727424
0,3728972
0,3730534
0,3728043
0,3728723
0,3828137
0,3728496
0,3726552
0,3730647
0,3728917
0,3727278
0,3728834
0,3728968
0,3727978
0,3728153
0,3828335
0,3726030
0,3727617
0,3826887
0,3829870
0,3727774
0,3719066
0,3827042
0,3826307
0,3727161
0,3827069
0,3719182
0,3728107
0,3726772
0,3726181
0,3725115
0,3726071
0,3720782
0,3727026
0,3729822
0,3728043
0,3726836
0,3727978
0,3729634
0,3727167
0,3727449
0,3727306
0,3726517
0,3728377
0,3726899
0,3728396
0,3730124
0,3729126
0,3727076
0,3728714
0,3728446
0,3830443
0,3730216
0,3729784
0,3729535
0,3627599
0,3727928
0,3727860
0,3727086
0,3628992
0,3727642
0,3727909
0,3627422
0,3627494
0,3728398
0,3726518
0,3726938
0,3627029
0,3627833
0,3728796
0,3728302
0,3727690
0,3626025
0,3627405
0,3626889
0,3622760
0,3626479
0,3628733
0,3625394
0,3618415
0,3626790
0,3625368
0,3627651
0,3627624
0,3526502
0,3629411
0,3628101
0,3619983
0,3725639
0,3627716
0,3626310
0,3625653
0,3627570
0,3720520
0,3723971
0,3727810
0,3720796
0,3729199
0,3628309
0,3729124
0,3728667
0,3727784
0,3730917
0,3626383
0,3727515
0,3727675
0,3627576
0,3728516
0,3727609
0,3627572
0,3624561
0,3725652
0,3726132
0,3728092
0,3626533
0,3727987
0,3626449
0,3627474
0,3627880
0,3629453
0,3728215
0,3524931
0,3525022
0,3625459
0,3619965
0,3628772
0,3627498
0,3526153
0,3627674
0,3728002
0,3627001
0,3627458
0,3625908
0,3628072
0,3625323
0,3624129
0,3728014
0,3627314
0,3526138
0,3527672
0,3629426
0,3625127
0,3729190
0,3619909
0,3427189
0,3425483
0,3524518
0,3626478
0,3526618
0,3526892
0,3626719
0,3526531
0,3519499
0,3526871
0,3426365
0,3426258
0,3525765
0,3326227
0,3222203
0,3527587
0,3326062
0,3222403
0,3320690
0,3325815
0,3326305
0,3123909
0,3221572
0,3223490
0,3224412
0,3223048
0,3324388
0,3023419
0,3022379
0,2820892
0,3022763
0,2617553
0,2721015
0,2520206
0,2720777
0,2721399
0,2619705
0,2520467
0,2720929
0,2720109
0,2620603
0,2620344
0,2820836
0,2721367
0,2619879
0,3526387
0,3626661
0,2316944
0,3525800
0,3627151
0,3526615
0,2419040
0,3525674
0,2620256
0,2518516
0,2619967
0,2615058
0,2318989
0,2013820
0,2719413
0,2313221
0,2417957
0,2620151
0,2614693
0,2115832
0,2720782
0,2720448
0,2619331
0,2719213
0,2720697
0,2720419
0,2719004
0,2921576
0,2721327
0,3024729
0,2920828
0,3023831
0,3327059
0,3318410
0,3323341
0,3427870
0,3325108
0,3325161
0,3326634
0,3322914
0,3318454
0,3224783
0,3218105
0,3023550
0,3326400
0,3424913
0,3425439
0,3524987
0,3524327
0,3625339
0,3525465
0,3627477
0,3627728
0,3626750
0,3626050
0,3627112
0,3629837
0,3627144
0,3627536
0,3626894
0,3628462
0,3627165
0,3627381
0,3728481
0,3727795
0,3626267
0,3720360
0,3627352
0,3728714
0,3728135
0,3728791
0,3628362
0,3729624
0,3627256
0,3627141
0,3619986
0,3723874
0,3725228
0,3726930
0,3625090
0,3725328
0,3628401
0,3728064
0,3728744
0,3727907
0,3727381
0,3727850
0,3620865
0,3729027
0,3726440
0,3727772
0,3720399
0,3729964
0,3725724
0,3725890
0,3726981
0,3728929
0,3728229
0,3726913
0,3728120
0,3628052
0,3728977
0,3827395
0,3728963
0,3728350
0,3728251
0,3827932
0,3827786
0,3930624
0,3727047
0,3726259
0,3727712
0,3728789
0,3728971
0,3728401
0,3725707
0,3728338
0,3728166
0,3727104
0,3729296
0,3727791
0,3828499
0,3731227
0,3824914
0,3827495
0,3726860
0,3829894
0,3728766
0,3728636
0,3720559
0,3727735
0,3728870
0,3726120
0,3727513
0,3828452
0,3821139
0,3726888
0,3729414
0,3828788
0,3828433
0,3629408
0,3826274
0,3727169
0,3728545
0,3725734
0,3728865
0,3728501
0,3728583
0,3728048
0,3728773
0,3727885
0,3826494
0,3828174
0,3727606
0,3826308
0,3829999
0,3727551
0,3727641
0,3728774
0,3728476
0,3728239
0,3723457
0,3720502
0,3727942
0,3728973
0,3727908
0,3727158
0,3727345
0,3726198
0,3729493
0,3728512
0,3725010
0,3728679
0,3727671
0,3727843
0,3726368
0,3627828
0,3729540
0,3725025
0,3627130
0,3727215
0,3729438
0,3626617
0,3720468
0,3626493
0,3619484
0,3728148
0,3619823
0,3728167
0,3626737
0,3627597
0,3627014
0,3629948
0,3727447
0,3628489
0,3727896
0,3626611
0,3728861
0,3627557
0,3729205
0,3726419
0,3626572
0,3627495
0,3626413
0,3628852
0,3628296
0,3626331
0,3627013
0,3627265
0,3729790
0,3625696
0,3626824
0,3729253
0,3626363
0,3627591
0,3627240
0,3627612
0,3626015
0,3629738
0,3729394
0,3626074
0,3625945
0,3626772
0,3624179
0,3626686
0,3629256
0,3627289
0,3627578
0,3628436
0,3626393
0,3626675
0,3627995
0,3626983
0,3628513
0,3626283
0,3627057
0,3628384
0,3627051
0,3628346
0,3623830
0,3720397
0,3628139
0,3524308
0,3624339
0,3628486
0,3627252
0,3627562
0,3625447
0,3626971
0,3629904
0,3627699
0,3628090
0,3628201
0,3627288
0,3619983
0,3626959
0,3626610
0,3629386
0,3730728
0,3625559
0,3727547
0,3628198
0,3626467
0,3628091
0,3629676
0,3626334
0,3628293
0,3728472
0,3728260
0,3726436
0,3627503
0,3629813
0,3627013
0,3729929
0,3626863
0,3619606
0,3627506
0,3626754
0,3628061
0,3626752
0,3619843
0,3628481
0,3628303
0,3728437
0,3627541
0,3728356
0,3627527
0,3627154
0,3723855
0,3725114
0,3727204
0,3729911
0,3628687
0,3720371
0,3727930
0,3727536
0,3729214
0,3728069
0,3727736
0,3628039
0,3728484
0,3726152
0,3730403
0,3729468
0,3728630
0,3720437
0,3728146
0,3626831
0,3826743
0,3728119
0,3730048
0,3721569
0,3729126
0,3728076
0,3727695
0,3727029
0,3729568
0,3728330
0,3728279
0,3727272
0,3728299
0,3727766
0,3728143
0,3728048
0,3728546
0,3726128
0,3728666
0,3726938
0,3728142
0,3729742
0,3730518
0,3725448
0,3726133
0,3720457
0,3728260
0,3727375
0,3828994
0,3725790
0,3727955
0,3829092
0,3729129
0,3727892
0,3829658
0,3720585
0,3725544
0,3726039
0,3627787
0,3728000
0,3728552
0,3726947
0,3626638
0,3619666
0,3829635
0,3628792
0,3626726
0,3628579
0,3525171
0,3626673
0,3625274
0,3526835
0,3524949
0,3626619
0,3627153
0,3629113
0,3628144
0,3729650
0,3627566
0,3524674
0,3622865
0,3729204
0,3627033
0,3628025
0,3619986
0,3519298
0,3727279
0,3627713
0,3626207
0,3628466
0,3627270
0,3722809
0,3626517
0,3627547
0,3728814
0,3625511
0,3730082
0,3626460
0,3730909
0,3627684
0,3626348
0,3627040
0,3627072
0,3626636
0,3626926
0,3728375
0,3626097
0,3628101
0,3627969
0,3629325
0,3628313
0,3726676
0,3726489
0,3726750
0,3728622
0,3627196
0,3727847
0,3721882
0,3619833
0,3629121
0,3728014
0,3620482
0,3523977
0,3529308
0,3425863
0,3526053
0,3528165
0,3422744
0,3525811
0,3324714
0,3323708
0,3124268
0,3123076
0,2823536
0,2923111
0,2821734
0,2822884
0,2923395
0,2620157
0,2619674
0,2620230
0,2822320
0,2817144
0,2922498
0,2722181
0,2518958
0,2720838
0,2620564
0,2715232
0,2619854
0,2720766
0,2721768
0,2517995
0,2722426
0,2619932
0,2317399
0,2419559
0,2418633
0,2520073
0,2116775
0,2520442
0,2419344
0,3425962
0,2620403
0,2317523
0,3426233
0,2418816
0,3425286
0,3419030
0,3426181
0,3318588
0,3424247
0,3425621
0,3425804
0,3325195
0,3425597
0,3426085
0,3324285
0,3424104
0,3424093
0,3423092
0,3426569
0,3422618
0,3426318
0,3426681
0,3418692
0,3423258
0,3525623
0,3425884
0,2420529
0,3425032
0,3526773
0,2217691
0,2721077
0,2518788
0,2621511
0,3424948
0,3423955
0,3528064
0,2419415
0,2721818
0,2715628
0,2620180
0,2720520
0,2617487
0,2417744
0,2722617
0,2721951
0,2619031
0,2817906
0,2722031
0,2619493
0,2218119
0,2520583
0,2721216
0,2721357
0,2517984
0,2216906
0,2621394
0,3425714
0,2721501
0,3521721
0,3525583
0,3425540
0,3425027
0,3425279
0,3426327
0,3426287
0,3526718
0,3426186
0,3428393
0,2317249
0,3421732
0,3424443
0,3423012
0,3518867
0,3423375
0,3424961
0,3424475
0,3527059
0,3527027
0,3526774
0,3425690
0,3423730
0,3425412
0,3522888
0,2316747
0,3526901
0,3526023
0,3526918
0,2318601
0,2519872
0,3528517
0,3528693
0,3527039
0,2518666
0,3627449
0,3523795
0,3525716
0,2722947
0,3524824
0,3524670
0,3621089
0,3527673
0,3625876
0,3527288
0,2621151
0,2218074
0,2518956
0,2819956
0,2520560
0,2620844
0,2520070
0,2620408
0,2620239
0,2722009
0,2823669
0,2617753
0,2619363
0,2620669
0,2519333
0,2519312
0,2518902
0,2621840
0,2216119
0,2619234
0,2621743
0,2520279
0,2318663
0,2722030
0,2417847
0,3628011
0,2216986
0,2419352
0,2216002
0,3528201
0,3527599
0,3525052
0,3627350
0,3526261
0,3526389
0,3526511
0,3527343
0,3526470
0,3526901
0,3526487
0,3525139
0,3527457
0,3527211
0,3528853
0,3523737
0,3524909
0,3626437
0,3525806
0,3526328
0,3520845
0,3526231
0,3526868
0,3525768
0,3527032
0,3626041
0,3526076
0,3524613
0,3527244
0,3524617
0,3526828
0,3424512
0,3526614
0,3525887
0,3426209
0,3424369
0,3423870
0,3526433
0,3527048
0,3526197
0,3526726
0,3425435
0,3525579
0,3425217
0,3425808
0,3527362
0,3525320
0,3526449
0,3525932
0,3525990
0,3525371
0,3524207
0,3525232
0,3525476
0,3626752
0,3625120
0,3526553
0,3527451
0,3524611
0,3527058
0,3525584
0,3525443
0,3524965
0,3628199
0,3626919
0,3527723
0,3626592
0,3525651
0,3626138
0,2317586
0,3628324
0,3628667
0,3626616
0,2418609
0,2519214
0,2821461
0,3122676
0,2821612
0,3222723
0,3224745
0,3424774
0,3326976
0,3217749
0,3327153
0,3324821
0,3425118
0,3428373
0,3425068
0,3325543
0,3423845
0,3424111
0,3425833
0,3426796
0,3429017
0,3425170
0,3426603
0,3424318
0,3326943
0,3324665
0,3426995
0,3325593
0,3425649
0,3325307
0,3325467
0,3323812
0,3124500
0,3323403
0,3224119
0,3122199
0,3325361
0,3224714
0,3323905
0,3225004
0,3427677
0,3222595
0,3120375
0,3120952
0,3023590
0,3223284
0,3224637
0,3023497
0,3124385
0,2715090
0,3122854
0,3123291
0,3225415
0,3424902
0,3325213
0,3223329
0,3424988
0,3426499
0,3425531
0,3527913
0,3526963
0,3620044
0,3526989
0,3625941
0,3626225
0,3627998
0,3626349
0,3625984
0,3626051
0,3627536
0,3626485
0,3728804
0,3621399
0,3728647
0,3627487
0,3729780
0,3625225
0,3727533
0,3723200
0,3727140
0,3627465
0,3626764
0,3727855
0,3625385
0,3727376
0,3527184
0,3625965
0,3727010
0,3628359
0,3625133
0,3728388
0,3628726
0,3626156
0,3626525
0,3619940
0,3728597
0,3729247
0,3726763
0,3627143
0,3726177
0,3724945
0,3526949
0,3624216
0,3626810
0,3627866
0,3729617
0,3726266
0,3626206
0,3625240
0,3728560
0,3619952
0,3729035
0,3729732
0,3628556
0,3627217
0,3626814
0,3629100
0,3525188
0,3627950
0,3726876
0,3526070
0,3625638
0,3629351
0,3628190
0,3526131
0,3627654
0,3628763
0,3627006
0,3526686
0,3525799
0,3526427
0,3527309
0,3627505
0,3626715
0,3526351
0,3627139
0,3627569
0,3626960
0,3624913
0,3627879
0,3629386
0,3528211
0,3528113
0,3627776
0,3627611
0,3625126
0,3624223
0,3426162
0,3425815
0,3526291
0,3426051
0,3428325
0,3727437
0,3426606
0,3426522
0,3627307
0,3526833
0,3528108
0,3622647
0,3626490
0,3628185
0,3727204
0,3628206
0,3625835
0,3725591
0,3725295
0,3726786
0,3728174
0,3726989
0,3727135
0,3727527
0,3627606
0,3729130
0,3625437
0,3726454
0,3726435
0,3628782
0,3727252
0,3729787
0,3728877
0,3729353
0,3726342
0,3728565
0,3727779
0,3728078
0,3721837
0,3624973
0,3627144
0,3626365
0,3726220
0,3730158
0,3729839
0,3628129
0,3626095
0,3728744
0,3628414
0,3629359
0,3626835
0,3528009
0,3627870
0,3625751
0,3626462
0,3628034
0,3626672
0,3526106
0,3526590
0,3626457
0,3526118
0,3519339
0,3624648
0,3619989
0,3627769
0,3527014
0,3626642
0,3527530
0,3526638
0,3527167
0,3728574
0,3627102
0,3626525
0,3626562
0,3526530
0,3620785
0,3527024
0,3626908
0,3627380
0,3527171
0,3626698
0,3728033
0,3627371
0,3521262
0,3626729
0,3627587
0,3619989
0,3627821
0,3526465
0,3619917
0,3523286
0,3628943
0,3627483
0,3624461
0,3528428
0,3627496
0,3626651
0,3627721
0,3627012
0,3627085
0,3726692
0,3524222
0,3626897
0,3627454
0,3628548
0,3627236
0,3627736
0,3628425
0,3624483
0,3628127
0,3626224
0,3628257
0,3627149
0,3626719
0,3619979
0,3629164
0,3625329
0,3720298
0,3628082
0,3627993
0,3625566
0,3626899
0,3627667
0,3726350
0,3627261
0,3627190
0,3625813
0,3627628
0,3625975
0,3627471
0,3627830
0,3625142
0,3629054
0,3524391
0,3627987
0,3625957
0,3627181
0,3628252
0,3626295
0,3525440
0,3626388
0,3624264
0,3527323
0,3627587
0,3628375
0,3628208
0,3628089
0,3625777
0,3626489
0,3626890
0,3626646
0,3627193
0,3628802
0,3629422
0,3619418
0,3727832
0,3729516
0,3625183
0,3626450
0,3725496
0,3628505
0,3624832
0,3726946
0,3626250
0,3627813
0,3625517
0,3627665
0,3727258
0,3728200
0,3625733
0,3624009
0,3628740
0,3626138
0,3727288
0,3625429
0,3628088
0,3729585
0,3727284
0,3626243
0,3727101
0,3727662
0,3727709
0,3625026
0,3727312
0,3625046
0,3629783
0,3626196
0,3728237
0,3628962
0,3729362
0,3627895
0,3727006
0,3727372
0,3625583
0,3720492
0,3623679
0,3626711
0,3727911
0,3629413
0,3728158
0,3625750
0,3726018
0,3628201
0,3627580
0,3627865
0,3829884
0,3527078
0,3629312
0,3527656
0,3519475
0,3524965
0,3626674
0,3626889
0,3524388
0,3629330
0,3624045
0,3627030
0,3527287
0,3527569
0,3524270
0,3526193
0,3525817
0,3527239
0,3625530
0,3324195
0,3426444
0,3628925
0,3424855
0,3324135
0,3524879
0,3425742
0,3123104
0,3426507
0,3225042
0,2823616
0,3020907
0,3123206
0,3224278
0,3021962
0,2720223
0,2921397
0,2621127
0,2921881
0,2721905
0,2417434
0,2719899
0,3123646
0,2721103
0,2719878
0,2719406
0,2821651
0,2621104
0,2823817
0,2921928
0,2721724
0,2619983
0,2822216
0,2821106
0,2521331
0,2720929
0,2720070
0,2822297
0,2418729
0,2417945
0,3728030
0,2418024
0,2821667
0,2618920
0,2514183
0,2517654
0,2318879
0,2720775
0,2720016
0,2517930
0,2721766
0,2420313
0,2620659
0,3628661
0,2116079
0,3526332
0,3727813
0,2516199
0,2621364
0,2519270
0,2619494
0,3624496
0,2721821
0,2719898
0,2721520
0,2720139
0,2722042
0,2722413
0,2721337
0,2720350
0,2618503
0,2720281
0,2720515
0,3424777
0,3424490
0,3418868
0,3426895
0,3626854
0,3525241
0,3627743
0,3527570
0,3629520
0,3626718
0,3624477
0,3625828
0,3727769
0,3727542
0,3627063
0,3627066
0,3726070
0,3627689
0,3727957
0,3727748
0,3726800
0,3628885
0,3627758
0,3726113
0,3626865
0,3728509
0,3726343
0,3627121
0,3726490
0,3728723
0,3728231
0,3727835
0,3727109
0,3626222
0,3629399
0,3727806
0,3725974
0,3726130
0,3627986
0,3625714
0,3727124
0,3726644
0,3829542
0,3726309
0,3729675
0,3727029
0,3726990
0,3727907
0,3727925
0,3728072
0,3729408
0,3726896
0,3728727
0,3728102
0,3726057
0,3728222
0,3727530
0,3828034
0,3725489
0,3827760
0,3720527
0,3721145
0,3829281
0,3728705
0,3827306
0,3725750
0,3729672
0,3728306
0,3727663
0,3728354
0,3726489
0,3720569
0,3727396
0,3720502
0,3727718
0,3628106
0,3627364
0,3627393
0,3728287
0,3826535
0,3720459
0,3826681
0,3828891
0,3727962
0,3727083
0,3728370
0,3720223
0,3725025
0,3728296
0,3727736
0,3826671
0,3727296
0,3828963
0,3828216
0,3828348
0,3727743
0,3826405
0,3829691
0,3830046
0,3828563
0,3726812
0,3730195
0,3728639
0,3829650
0,3726623
0,3727070
0,3726903
0,3729530
0,3727659
0,3830996
0,3831156
0,3728135
0,3720481
0,3727897
0,3728334
0,3728113
0,3827310
0,3829278
0,3729514
0,3727290
0,3828838
0,3727276
0,3727895
0,3726246
0,3728894
0,3726284
0,3728787
0,3729801
0,3730288
0,3729145
0,3828596
0,3728451
0,3625124
0,3727507
0,3728577
0,3729397
0,3728987
0,3727105
0,3727846
0,3628748
0,3729151
0,3728965
0,3827676
0,3726795
0,3629453
0,3728749
0,3728851
0,3629289
0,3624946
0,3625662
0,3728096
0,3627701
0,3619969
0,3627949
0,3723779
0,3726711
0,3629219
0,3728244
0,3626051
0,3626914
0,3720270
0,3727636
0,3626904
0,3828758
0,3828624
0,3827903
0,3828864
0,3828178
0,3826838
0,3827229
0,3728362
0,3829004
0,3827023
0,3727133
0,3727317
0,3727697
0,3729020
0,3824290
0,3821010
0,3830094
0,3829828
0,3830480
0,3828412
0,3728588
0,3829744
0,3830105
0,3826210
0,3829243
0,3831631
0,3829825
0,3828159
0,3828942
0,3829215
0,3830455
0,3830861
0,3727876
0,3829297
0,3828923
0,3821045
0,3929505
0,3825806
0,3828080
0,3824698
0,3828349
0,3828574
0,3827932
0,3720434
0,3828207
0,3727579
0,3829548
0,3728794
0,3728444
0,3730874
0,3825540
0,3730074
0,3726254
0,3729931
0,3828718
0,3826631
0,3726647
0,3720444
0,3729094
0,3730634
0,3728832
0,3628179
0,3728308
0,3628969
0,3727246
0,3728372
0,3727734
0,3725771
0,3728179
0,3627366
0,3629243
0,3624707
0,3627715
0,3728020
0,3728215
0,3628325
0,3728854
0,3720080
0,3728418
0,3729203
0,3727351
0,3726630
0,3729406
0,3728382
0,3726637
0,3727991
0,3726830
0,3827580
0,3730212
0,3727816
0,3728474
0,3728999
0,3727035
0,3727018
0,3728142
0,3727703
0,3728891
0,3726576
0,3728713
0,3827396
0,3727962
0,3729074
0,3829681
0,3727212
0,3828346
0,3720263
0,3727531
0,3728263
0,3727212
0,3827758
0,3829129
0,3728493
0,3829852
0,3726627
0,3829581
0,3720528
0,3720479
0,3829923
0,3828188
0,3829038
0,3828389
0,3727864
0,3827765
0,3729113
0,3731110
0,3727938
0,3720487
0,3829701
0,3728808
0,3828584
0,3728085
0,3720372
0,3728301
0,3728643
0,3726797
0,3726202
0,3726693
0,3727434
0,3726618
0,3727810
0,3830057
0,3730549
0,3726911
0,3729517
0,3727743
0,3829138
0,3727198
0,3821050
0,3729244
0,3827413
0,3727276
0,3727557
0,3727388
0,3728365
0,3826533
0,3828139
0,3720440
0,3627646
0,3729120
0,3727190
0,3829621
0,3727613
0,3729296
0,3829834
0,3720463
0,3727372
0,3829506
0,3726731
0,3729708
0,3728193
0,3727850
0,3727534
0,3725768
0,3725622
0,3727946
0,3726265
0,3729089
0,3728220
0,3829600
0,3727573
0,3821005
0,3726695
0,3727239
0,3829968
0,3730537
0,3729731
0,3726565
0,3627181
0,3720473
0,3827762
0,3729536
0,3728983
0,3726162
0,3827151
0,3726048
0,3726674
0,3828764
0,3628064
0,3729452
0,3729466
0,3720355
0,3726916
0,3626813
0,3727822
0,3829605
0,3726951
0,3727292
0,3726574
0,3728312
0,3730257
0,3726341
0,3728577
0,3726603
0,3728278
0,3629826
0,3625870
0,3725807
0,3628477
0,3629714
0,3726301
0,3626212
0,3729504
0,3720573
0,3723780
0,3727110
0,3725232
0,3720371
0,3727357
0,3729446
0,3627356
0,3626690
0,3720487
0,3728666
0,3728327
0,3728027
0,3728572
0,3827040
0,3728685
0,3722215
0,3730020
0,3727765
0,3729455
0,3727657
0,3728501
0,3828238
0,3720333
0,3727752
0,3826341
0,3725254
0,3727838
0,3722717
0,3727142
0,3726433
0,3728024
0,3727887
0,3720566
0,3728523
0,3728599
0,3727645
0,3728564
0,3727899
0,3929364
0,3726304
0,3728634
0,3821000
0,3725039
0,3727489
0,3729491
0,3830056
0,3828372
0,3830061
0,3828045
0,3829546
0,3726443
0,3821030
0,3828898
0,3828853
0,3826790
0,3826268
0,3727098
0,3725933
0,3829235
0,3829061
0,3726094
0,3828530
0,3729345
0,3728090
0,3932047
0,3830572
0,3829390
0,3827678
0,3830373
0,3921288
0,3827571
0,3827759
0,3820932
0,3828195
0,3728639
0,3825477
0,3828109
0,3826442
0,3827878
0,3720365
0,3825731
0,3829135
0,3828749
0,3931528
0,3830353
0,3827971
0,3827685
0,3827675
0,3830246
0,3829064
0,3829572
0,3827264
0,3728082
0,3827791
0,3827752
0,3828609
0,3829023
0,3728086
0,3830468
0,3828447
0,3828795
0,3828358
0,3728871
0,3729140
0,3827779
0,3827784
0,3727709
0,3927879
0,3727130
0,3726969
0,3727237
0,3829431
0,3827724
0,3730585
0,3829361
0,3827222
0,3828901
0,3727573
0,3725756
0,3728617
0,3727716
0,3828684
0,3726436
0,3726480
0,3729259
0,3729308
0,3727295
0,3728195
0,3727081
0,3726935
0,3828361
0,3727676
0,3726899
0,3827247
0,3720638
0,3728739
0,3727286
0,3728047
0,3829833
0,3725966
0,3626531
0,3727869
0,3726265
0,3828196
0,3728430
0,3627134
0,3729568
0,3728297
0,3727752
0,3726067
0,3628551
0,3726755
0,3627278
0,3627931
0,3627621
0,3626413
0,3720507
0,3624020
0,3628279
0,3628166
0,3628008
0,3626571
0,3627105
0,3627430
0,3627718
0,3725111
0,3626416
0,3627369
0,3626666
0,3627190
0,3525568
0,3624858
0,3626515
0,3625562
0,3626816
0,3624640
0,3626701
0,3625096
0,3628104
0,3524637
0,3625444
0,3619864
0,3523960
0,3630170
0,3627901
0,3627344
0,3624614
0,3628697
0,3626491
0,3619888
0,3526364
0,3627352
0,3628335
0,3526729
0,3625905
0,3626562
0,3726890
0,3626640
0,3626414
0,3628441
0,3624272
0,3626759
0,3626015
0,3727778
0,3626087
0,3622897
0,3629588
0,3624501
0,3724259
0,3627818
0,3727227
0,3528000
0,3724477
0,3627510
0,3728239
0,3726186
0,3619669
0,3726537
0,3727134
0,3728253
0,3628191
0,3628482
0,3627181
0,3625726
0,3625836
0,3626740
0,3627286
0,3627023
0,3627144
0,3526901
0,3626934
0,3730601
0,3519199
0,3626508
0,3629543
0,3626518
0,3628470
0,3619958
0,3627467
0,3627873
0,3727459
0,3627425
0,3626121
0,3728469
0,3626661
0,3628353
0,3627041
0,3526196
0,3626254
0,3727625
0,3627740
0,3630186
0,3628095
0,3626645
0,3729012
0,3728878
0,3628274
0,3726300
0,3524526
0,3729578
0,3625329
0,3625638
0,3629951
0,3729558
0,3727362
0,3729550
0,3727604
0,3821022
0,3626554
0,3626798
0,3728413
0,3628893
0,3627532
0,3628529
0,3528007
0,3528160
0,3625457
0,3627052
0,3629468
0,3624825
0,3626879
0,3626176
0,3627521
0,3628078
0,3729369
0,3728307
0,3728382
0,3728526
0,3627816
0,3629056
0,3628685
0,3627479
0,3625422
0,3620084
0,3628462
0,3628418
0,3727365
0,3626611
0,3524092
0,3629705
0,3628833
0,3627261
0,3628278
0,3626323
0,3519337
0,3624648
0,3729571
0,3524641
0,3626888
0,3425226
0,3524918
0,3627565
0,3627987
0,3525409
0,3527075
0,3424650
0,3628362
0,3626790
0,3525063
0,3528512
0,3522550
0,3527233
0,3519242
0,3526133
0,3525004
0,3527116
0,3526900
0,3626547
0,3519002
0,3526660
0,3626215
0,3627757
0,3627296
0,3526412
0,3427218
0,3525740
0,3525083
0,3523867
0,3627320
0,3625899
0,3526367
0,3625216
0,3625365
0,3626993
0,3728070
0,3619990
0,3729248
0,3626728
0,3728767
0,3727601
0,3626126
0,3626684
0,3624695
0,3727447
0,3627816
0,3626163
0,3627909
0,3627506
0,3627377
0,3628229
0,3628172
0,3625083
0,3626568
0,3620238
0,3628412
0,3627918
0,3626518
0,3626891
0,3629675
0,3628402
0,3628371
0,3626825
0,3628184
0,3626500
0,3626580
0,3526448
0,3627089
0,3627156
0,3627966
0,3730637
0,3625423
0,3728577
0,3628919
0,3629532
0,3728441
0,3726956
0,3627812
0,3727544
0,3626449
0,3627594
0,3619956
0,3726576
0,3627117
0,3627634
0,3729412
0,3729702
0,3628206
0,3728410
0,3627228
0,3729435
0,3727994
0,3727950
0,3627084
0,3728701
0,3729023
0,3628602
0,3725877
0,3619941
0,3626987
0,3727896
0,3728143
0,3828742
0,3627923
0,3829067
0,3728904
0,3830851
0,3727371
0,3726188
0,3728128
0,3727784
0,3628072
0,3625705
0,3727542
0,3720533
0,3726660
0,3727511
0,3728981
0,3727109
0,3629076
0,3626327
0,3729295
0,3727320
0,3730106
0,3728307
0,3727869
0,3728746
0,3726603
0,3728197
0,3726497
0,3726876
0,3728248
0,3725263
0,3725545
0,3727775
0,3723086
0,3729389
0,3826665
0,3728987
0,3726161
0,3726776
0,3728145
0,3627940
0,3625350
0,3729101
0,3727770
0,3727639
0,3720344
0,3627518
0,3727217
0,3726024
0,3727125
0,3729004
0,3828273
0,3726688
0,3728922
0,3629865
0,3728219
0,3728820
0,3728333
0,3728632
0,3730061
0,3827604
0,3727268
0,3728491
0,3728490
0,3624529
0,3726637
0,3729462
0,3725217
0,3728822
0,3729241
0,3721626
0,3626888
0,3827174
0,3828471
0,3829914
0,3729907
0,3829736
0,3724160
0,3727540
0,3728855
0,3729270
0,3728564
0,3729586
0,3728742
0,3725764
0,3728249
0,3727332
0,3726219
0,3727133
0,3726332
0,3727635
0,3628382
0,3829373
0,3727612
0,3726476
0,3827274
0,3729129
0,3729631
0,3728246
0,3826621
0,3726847
0,3727304
0,3729385
0,3826501
0,3830750
0,3727950
0,3826657
0,3827341
0,3729895
0,3728051
0,3830028
0,3821039
0,3828856
0,3727840
0,3627115
0,3424496
0,3626692
0,3729151
0,3726993
0,3525059
0,3728185
0,3627842
0,3828175
0,3728568
0,3830318
0,3828634
0,3730794
0,3828093
0,3821256
0,3828157
0,3828696
0,3829265
0,3829447
0,3829003
0,3827728
0,3727167
0,3826145
0,3825970
0,3728709
0,3822060
0,3828843
0,3828799
0,3728696
0,3728858
0,3725149
0,3728920
0,3828947
0,3829652
0,3831856
0,3728828
0,3828813
0,3830096
0,3826680
0,3829447
0,3829065
0,3828215
0,3729096
0,3826316
0,3825628
0,3727248
0,3825597
0,3726887
0,3728361
0,3830768
0,3827625
0,3930320
0,3831680
0,3826907
0,3830186
0,3728704
0,3728187
0,3830469
0,3827562
0,3727029
0,3728046
0,3730616
0,3728289
0,3727551
0,3827708
0,3725517
0,3829128
0,3727408
0,3727646
0,3828246
0,3727181
0,3728868
0,3930230
0,3726232
0,3827540
0,3728325
0,3728492
0,3727935
0,3720631
0,3720483
0,3728400
0,3727926
0,3729818
0,3727798
0,3827118
0,3729431
0,3830634
0,3727754
0,3728506
0,3830414
0,3726970
0,3726647
0,3828229
0,3726921
0,3726888
0,3829383
0,3930396
0,3827995
0,3831072
0,3828178
0,3727034
0,3827840
0,3727160
0,3727828
0,3829433
0,3828050
0,3826554
0,3830035
0,3729946
0,3829500
0,3828604
0,3829759
0,3828946
0,3727109
0,3828532
0,3827580
0,3626812
0,3829101
0,3828625
0,3827300
0,3727422
0,3124056
0,3727015
0,3826314
0,3828409
0,3826620
0,3727563
0,3528284
0,3727798
0,3720679
0,3725600
0,3729125
0,3830303
0,3729420
0,3828373
0,3720549
0,3728046
0,3525514
0,3728249
0,3828519
0,3727954
0,3827760
0,3726501
0,3727545
0,3827639
0,3728552
0,3727054
0,3729605
0,3729623
0,3726271
0,3730115
0,3224766
0,3627181
0,3729644
0,3728338
0,3620019
0,3728120
0,3620067
0,3725494
0,3324441
0,3523035
0,3727637
0,3821015
0,3729658
0,3326651
0,3828885
0,3729146
0,3723505
0,3726662
0,3729025
0,3628218
0,3723929
0,2520161
0,2822071
0,2618870
0,2419168
0,2419928
0,2420717
0,3728226
0,3728222
0,2520027
0,2117096
0,2619107
0,2216553
0,2417553
0,2721350
0,2519527
0,2722944
0,2720197
0,2416450
0,2715517
0,2419432
0,2517952
0,2720982
0,2619087
0,2619991
0,2721435
0,2621442
0,2619217
0,2722250
0,2618994
0,2721631
0,2518259
0,2620737
0,2719329
0,2822674
0,2722300
0,2619016
0,2721413
0,2721322
0,2720518
0,2720563
0,2723080
0,2619084
0,2718410
0,2821864
0,2822626
0,2619423
0,2921509
0,3327711
0,3222241
0,2821547
0,3326689
0,3224064
0,3324997
0,3224177
0,3223144
0,3325139
0,3122478
0,2817404
0,2916599
0,2816066
0,2821161
0,2519044
0,2821842
0,2620262
0,3720504
0,2622292
0,2318108
0,2619843
0,2520240
0,2619973
0,2417882
0,2514532
0,3626574
0,2419303
0,3729205
0,3627212
0,3726845
0,3727703
0,3624408
0,3627380
0,3728828
0,3728369
0,3625816
0,3728934
0,3729284
0,3628127
0,3728460
0,2316815
0,3627707
0,3627207
0,2620069
0,3628391
0,2821249
0,2822978
0,2418395
0,2518183
0,3728723
0,3727311
0,3727310
0,3727245
0,3827947
0,3726624
0,2217275
0,3724857
0,2822601
0,2820825
0,2518948
0,2721870
0,3326136
0,2518083
0,2821179
0,2721304
0,2822257
0,2821432
0,2517852
0,2821093
0,2821446
0,2822101
0,2719688
0,2920130
0,3728047
0,3725135
0,3724134
0,3729484
0,3728921
0,2621912
0,2720108
0,2319537
0,2418654
0,2116555
0,2820853
0,2416650
0,3727062
0,2821743
0,2513758
0,2720252
0,2720720
0,2721640
0,2614901
0,2720417
0,2822725
0,2618914
0,2722086
0,3222874
0,3226270
0,3425768
0,3627262
0,3727078
0,3727788
0,3726503
0,3726945
0,3726678
0,3826200
0,3730258
0,3727015
0,3828643
0,3729558
0,3728838
0,3726992
0,3727330
0,3727188
0,3828083
0,3830668
0,3729640
0,3830175
0,3728175
0,3830216
0,3828837
0,3720422
0,3730168
0,3720635
0,3729631
0,3726737
0,3730064
0,3829337
0,3830206
0,3826126
0,3828322
0,3728150
0,3827742
0,3726494
0,3726818
0,3827434
0,3728142
0,3730251
0,3726847
0,3828263
0,3727968
0,3828565
0,3727378
0,3728033
0,3829660
0,3729487
0,3728825
0,3828218
0,3726259
0,3828991
0,3729175
0,3727410
0,3828409
0,3727425
0,3830244
0,3727985
0,3730386
0,3728430
0,3725749
0,3728683
0,3728754
0,3725858
0,3730632
0,3728357
0,3829030
0,3828851
0,3727685
0,3727890
0,3826074
0,3728178
0,3730445
0,3830607
0,3729646
0,3726066
0,3729716
0,3827934
0,3726405
0,3727779
0,3725090
0,3726869
0,3828452
0,3724002
0,3829793
0,3726665
0,3727771
0,3628205
0,3728258
0,3827576
0,3728478
0,3729878
0,3727887
0,3728578
0,3729092
0,3828929
0,3828371
0,3720534
0,3728532
0,3727163
0,3726729
0,3728500
0,3729110
0,3828680
0,3727140
0,3728380
0,3827545
0,3728639
0,3724978
0,3728808
0,3729276
0,3829014
0,3726128
0,3727507
0,3730330
0,3726786
0,3628377
0,3627572
0,3727403
0,3628690
0,3729338
0,3626927
0,3828692
0,3629330
0,3730111
0,3626996
0,3628958
0,3625092
0,3525428
0,3728502
0,3425817
0,3223659
0,3426151
0,3324855
0,3022474
0,3124177
0,3123624
0,3326165
0,3225150
0,3321887
0,3222970
0,3426672
0,3425809
0,3426098
0,3427748
0,2922051
0,3627547
0,3626551
0,3528810
0,3627838
0,3628476
0,3626062
0,3729797
0,3628228
0,3628286
0,3527715
0,3627417
0,3620122
0,3619946
0,3627370
0,3626093
0,3626578
0,3627954
0,3627821
0,3625868
0,3727072
0,3626910
0,3726449
0,3628501
0,3620250
0,3629155
0,3627258
0,3726828
0,3728816
0,3728154
0,3729302
0,3627897
0,3619906
0,3626841
0,3627324
0,3726155
0,3624942
0,3628039
0,3628296
0,3627175
0,3729730
0,3627390
0,3627491
0,3625236
0,3627098
0,3627613
0,3625085
0,3627082
0,3625765
0,3727895
0,3625560
0,3619923
0,3728063
0,3628613
0,3626047
0,3627730
0,3728128
0,3726565
0,3728996
0,3728072
0,3727980
0,3723036
0,3627301
0,3727596
0,3728106
0,3628133
0,3728151
0,3627381
0,3628409
0,3730048
0,3727575
0,3727403
0,3627065
0,3625831
0,3727979
0,3619988
0,3625184
0,3727323
0,3725926
0,3626333
0,3727020
0,3726432
0,3729072
0,3729668
0,3728673
0,3729288
0,3626636
0,3829772
0,3729026
0,3721580
0,3728321
0,3728685
0,3729286
0,3728659
0,3728293
0,3727145
0,3727788
0,3727869
0,3728297
0,3727259
0,3720461
0,3724646
0,3729645
0,3828642
0,3827592
0,3728189
0,3726036
0,3727942
0,3728477
0,3728906
0,3728112
0,3720716
0,3728938
0,3729098
0,3628135
0,3627734
0,3627951
0,3821877
0,3727787
0,3828534
0,3728457
0,3826863
0,3730549
0,3730413
0,3727567
0,3720733
0,3728263
0,3727602
0,3728603
0,3729046
0,3727023
0,3725684
0,3728518
0,3729123
0,3827584
0,3726992
0,3727499
0,3828896
0,3829594
0,3831492
0,3828811
0,3730071
0,3828700
0,3727877
0,3827431
0,3829232
0,3829811
0,3827245
0,3827828
0,3827483
0,3728426
0,3831449
0,3829882
0,3727510
0,3829559
0,3726732
0,3829862
0,3727880
0,3830852
0,3726639
0,3728453
0,3828437
0,3726559
0,3729437
0,3725440
0,3727021
0,3728277
0,3829406
0,3828902
0,3827894
0,3727346
0,3827773
0,3828634
0,3725988
0,3825781
0,3830143
0,3728303
0,3728336
0,3726822
0,3828473
0,3829278
0,3720371
0,3821169
0,3726221
0,3826553
0,3727135
0,3727445
0,3828651
0,3820975
0,3726466
0,3728404
0,3728970
0,3729180
0,3727644
0,3828187
0,3828974
0,3725691
0,3725342
0,3729063
0,3829391
0,3730355
0,3728893
0,3829241
0,3727395
0,3720382
0,3820767
0,3728646
0,3727822
0,3727429
0,3824978
0,3720400
0,3726672
0,3728003
0,3727295
0,3629048
0,3826214
0,3727684
0,3728300
0,3728279
0,3727766
0,3727661
0,3727981
0,3625194
0,3727709
0,3722889
0,3723538
0,3627442
0,3727869
0,3724741
0,3727315
0,3727033
0,3629236
0,3820968
0,3724366
0,3821193
0,3726039
0,3728160
0,3728271
0,3829689
0,3727194
0,3730607
0,3625988
0,3728506
0,3827711
0,3728720
0,3727095
0,3727729
0,3727486
0,3725927
0,3727894
0,3729713
0,3820980
0,3727265
0,3829957
0,3830710
0,3829899
0,3729444
0,3727445
0,3830090
0,3828588
0,3728675
0,3726369
0,3727025
0,3829772
0,3729703
0,3825944
0,3728387
0,3720546
0,3728197
0,3727946
0,3729080
0,3828804
0,3825303
0,3728496
0,3828343
0,3726622
0,3724208
0,3830488
0,3830191
0,3829232
0,3727526
0,3828532
0,3828628
0,3826984
0,3826553
0,3720646
0,3724092
0,3726396
0,3728369
0,3828916
0,3726557
0,3728660
0,3727292
0,3831370
0,3727142
0,3728026
0,3828919
0,3827421
0,3724593
0,3824583
0,3730303
0,3727642
0,3828158
0,3826723
0,3726999
0,3728693
0,3827328
0,3730377
0,3828768
0,3829908
0,3829300
0,3830121
0,3828266
0,3729387
0,3727726
0,3829152
0,3830676
0,3829663
0,3827476
0,3828185
0,3827198
0,3829847
0,3830362
0,3828359
0,3729070
0,3829887
0,3727573
0,3826933
0,3830572
0,3728774
0,3725034
0,3728320
0,3722546
0,3824400
0,3728985
0,3828664
0,3730453
0,3829141
0,3821293
0,3326051
0,3726229
0,3729342
0,3727649
0,3729729
0,3728263
0,3827215
0,3829003
0,3827023
0,3727433
0,3828685
0,3727072
0,3825741
0,3727069
0,3831098
0,3728593
0,3727412
0,3827391
0,3828674
0,3726810
0,3726813
0,3828487
0,3827990
0,3727320
0,3830119
0,3726449
0,3720493
0,3721558
0,3828326
0,3829617
0,3821070
0,3728012
0,3728015
0,3829609
0,3829120
0,3826968
0,3728065
0,3929772
0,3821094
0,3727989
0,3728601
0,3726868
0,3930133
0,3826766
0,3827087
0,3727979
0,3828055
0,3829378
0,3727548
0,3728778
0,3828842
0,3827619
0,3826428
0,3821320
0,3829746
0,3830251
0,3827314
0,3829669
0,3726421
0,3827612
0,3727198
0,3828252
0,3926539
0,3830336
0,3827152
0,3728925
0,3828126
0,3828306
0,3726759
0,3727632
0,3827974
0,3729990
0,3830483
0,3830460
0,3928501
0,3828876
0,3829195
0,3829623
0,3726155
0,3726619
0,3727610
0,3726930
0,3628221
0,3826818
0,3625564
0,3723454
0,3725892
0,3728583
0,3729059
0,3830350
0,3626658
0,3727464
0,3720275
0,3828088
0,3728617
0,3728458
0,3727975
0,3626266
0,3729092
0,3727431
0,3825487
0,3624745
0,3725509
0,3625049
0,3725143
0,3727637
0,3727709
0,3720435
0,3726936
0,3726013
0,3728028
0,3729137
0,3626412
0,3728391
0,3728454
0,3728375
0,3730951
0,3724061
0,3828094
0,3726171
0,3725306
0,3726916
0,3720426
0,3727434
0,3627846
0,3627508
0,3627640
0,3727122
0,3728068
0,3728730
0,3627031
0,3726819
0,3619810
0,3628108
0,3729241
0,3726790
0,3728661
0,3627181
0,3628756
0,3728819
0,3630594
0,3627717
0,3728943
0,3525881
0,3626783
0,3624462
0,3627267
0,3627775
0,3629138
0,3626528
0,3619976
0,3528324
0,3628600
0,3623688
0,3626726
0,3627703
0,3527547
0,3626955
0,3526889
0,3729367
0,3522256
0,3526870
0,3620068
0,3626410
0,3626947
0,3626381
0,3626257
0,3619810
0,3625647
0,3626545
0,3727838
0,3729553
0,3726672
0,3628601
0,3728790
0,3828129
0,3727373
0,3626517
0,3728570
0,3821068
0,3727791
0,3727210
0,3727504
0,3726750
0,3728829
0,3729204
0,3727717
0,3726485
0,3728262
0,3722973
0,3728459
0,3726940
0,3727175
0,3726875
0,3729172
0,3727554
0,3727744
0,3830843
0,3725987
0,3720404
0,3727558
0,3728336
0,3727887
0,3727836
0,3828431
0,3728818
0,3727199
0,3726971
0,3726009
0,3828960
0,3726582
0,3730203
0,3727325
0,3826627
0,3829134
0,3728738
0,3728408
0,3727486
0,3727618
0,3725259
0,3726952
0,3726832
0,3726571
0,3728403
0,3728253
0,3727821
0,3727070
0,3727349
0,3627748
0,3729411
0,3726843
0,3726135
0,3728338
0,3725113
0,3728452
0,3826268
0,3725936
0,3726749
0,3728310
0,3623684
0,3720436
0,3729250
0,3725140
0,3729932
0,3729020
0,3626635
0,3628231
0,3626518
0,3626661
0,3626795
0,3729558
0,3729945
0,3727677
0,3626812
0,3726792
0,3628932
0,3728355
0,3727768
0,3728112
0,3626904
0,3726432
0,3729509
0,3727418
0,3729265
0,3628427
0,3727963
0,3728403
0,3728732
0,3619863
0,3728248
0,3627120
0,3729812
0,3727950
0,3728036
0,3627237
0,3728907
0,3720407
0,3726341
0,3627535
0,3627807
0,3626966
0,3725885
0,3726282
0,3627457
0,3624618
0,3729479
0,3627410
0,3626356
0,3621447
0,3625042
0,3626125
0,3628505
0,3627003
0,3627159
0,3624764
0,3627700
0,3727002
0,3627636
0,3725998
0,3727644
0,3626841
0,3627291
0,3526285
0,3628738
0,3526793
0,3627705
0,3626902
0,3627295
0,3626257
0,3525754
0,3526108
0,3627316
0,3627305
0,3323167
0,3426869
0,3223846
0,3224147
0,3424682
0,3426340
0,3627960
0,3526854
0,3626565
0,3727582
0,3627697
0,3629616
0,3626367
0,3629263
0,3426719
0,3620153
0,3726661
0,3524768
0,3625305
0,3625685
0,3627522
0,3628882
0,3924356
0,3426735
0,3222140
0,3526298
0,3519788
0,3626969
0,3526695
0,3626229
0,3426159
0,3527745
0,3627826
0,3628677
0,3426509
0,3526617
0,3526481
0,3428219
0,3522361
0,3526487
0,3625539
0,3627029
0,3525552
0,3527221
0,3425724
0,3324319
0,3526506
0,3528486
0,3428340
0,3224716
0,3325216
0,3424321
0,3123114
0,3327831
0,3427392
0,3124259
0,3223884
0,3022529
0,2720831
0,2821438
0,3122542
0,3324659
0,3123817
0,2923491
0,2821562
0,2922814
0,3123243
0,2621163
0,2821137
0,2820128
0,2820561
0,3021661
0,2921949
0,2621164
0,2920520
0,2614575
0,2720717
0,2821660
0,2618485
0,2719179
0,3123562
0,2619961
0,2619844
0,2922508
0,2722078
0,2923542
0,2721897
0,3123533
0,3123792
0,2923400
0,3124097
0,3325593
0,3326132
0,3425188
0,3325597
0,3224147
0,3225261
0,3225025
0,3323567
0,3426315
0,3524440
0,3622257
0,3425128
0,3424556
0,3426439
0,3426112
0,3424499
0,3426252
0,3425054
0,3525287
0,3318357
0,3419642
0,3426110
0,3427401
0,3425772
0,3627599
0,3628476
0,3520135
0,3526484
0,3529158
0,3526489
0,3526798
0,3526304
0,3526186
0,3526956
0,3528670
0,3427132
0,3426733
0,3418784
0,3427465
0,3525743
0,3426383
0,3628794
0,3424768
0,3325604
0,3225029
0,3426789
0,3418742
0,3425251
0,3325474
0,3123129
0,3224779
0,3426321
0,3324989
0,3327286
0,3123217
0,3224247
0,3324801
0,3223641
0,3626942
0,3526778
0,3628364
0,3528818
0,3426441
0,3527807
0,3526826
0,3627619
0,3524676
0,3523821
0,3524639
0,3325825
0,3426772
0,3422406
0,3424994
0,3318181
0,3526251
0,3425923
0,3425956
0,3527616
0,3519970
0,3526035
0,3526645
0,3526271
0,3626756
0,3627018
0,3526386
0,3627602
0,3527145
0,3526430
0,3427638
0,3527919
0,3528654
0,3527527
0,3627374
0,3525783
0,3628010
0,3525751
0,3526836
0,3527077
0,3525974
0,3527706
0,3624347
0,3628190
0,3626666
0,3726900
0,3629573
0,3627310
0,3626868
0,3720421
0,3625924
0,3728053
0,3625580
0,3728737
0,3827299
0,3727831
0,3725820
0,3728316
0,3729393
0,3830433
0,3826575
0,3728208
0,3726905
0,3727703
0,3828396
0,3727938
0,3828035
0,3727799
0,3730293
0,3728027
0,3728605
0,3727883
0,3720522
0,3730897
0,3730544
0,3726823
0,3720304
0,3724766
0,3828564
0,3730176
0,3730252
0,3727401
0,3727707
0,3720524
0,3727822
0,3727201
0,3828274
0,3726755
0,3729844
0,3727633
0,3720396
0,3728116
0,3727620
0,3728019
0,3727053
0,3727369
0,3726771
0,3727606
0,3728266
0,3727219
0,3826790
0,3727998
0,3729620
0,3725698
0,3826072
0,3727719
0,3727028
0,3825562
0,3827679
0,3827996
0,3729333
0,3830259
0,3727659
0,3728052
0,3828870
0,3727464
0,3727673
0,3728553
0,3726629
0,3728204
0,3729968
0,3729616
0,3827331
0,3728513
0,3728508
0,3726543
0,3728758
0,3727870
0,3728721
0,3727485
0,3829515
0,3827500
0,3729253
0,3827349
0,3827459
0,3726873
0,3726380
0,3726657
0,3727869
0,3829923
0,3728237
0,3728322
0,3729474
0,3726704
0,3727679
0,3727254
0,3724893
0,3829242
0,3728610
0,3726145
0,3726262
0,3726499
0,3725908
0,3728226
0,3728553
0,3830141
0,3725742
0,3827994
0,3725563
0,3727738
0,3726265
0,3727814
0,3628427
0,3729713
0,3728645
0,3729489
0,3728972
0,3726413
0,3826796
0,3727219
0,3728144
0,3727902
0,3828710
0,3826515
0,3727711
0,3728113
0,3728886
0,3726478
0,3728109
0,3728092
0,3625969
0,3825403
0,3728094
0,3727740
0,3727678
0,3728320
0,3620941
0,3728103
0,3728543
0,3729095
0,3728677
0,3720420
0,3728108
0,3727806
0,3727332
0,3619928
0,3730405
0,3725816
0,3725783
0,3728961
0,3727374
0,3627446
0,3725821
0,3729556
0,3628642
0,3725371
0,3626496
0,3727270
0,3725986
0,3627335
0,3725916
0,3727727
0,3724970
0,3628047
0,3626444
0,3727102
0,3728682
0,3627992
0,3728920
0,3626320
0,3727175
0,3627828
0,3627101
0,3626791
0,3728999
0,3627173
0,3626903
0,3619871
0,3626847
0,3728044
0,3626813
0,3627177
0,3730438
0,3626609
0,3629965
0,3627100
0,3627490
0,3726003
0,3728350
0,3624904
0,3729397
0,3624040
0,3627686
0,3730317
0,3626296
0,3628841
0,3628069
0,3626359
0,3626578
0,3626846
0,3624876
0,3728735
0,3626499
0,3624684
0,3624387
0,3627032
0,3626898
0,3627214
0,3626763
0,3625666
0,3629442
0,3627680
0,3627364
0,3726980
0,3728523
0,3728708
0,3628578
0,3729645
0,3627165
0,3727280
0,3627599
0,3625735
0,3626294
0,3728198
0,3629311
0,3625055
0,3627033
0,3625286
0,3728255
0,3625339
0,3629895
0,3626637
0,3626830
0,3628505
0,3626949
0,3625253
0,3619928
0,3728243
0,3626666
0,3728852
0,3729157
0,3629204
0,3629429
0,3628568
0,3626720
0,3626291
0,3626522
0,3626675
0,3627241
0,3629046
0,3623787
0,3627565
0,3626709
0,3628293
0,3626090
0,3628439
0,3627139
0,3627741
0,3625600
0,3622419
0,3627718
0,3626351
0,3725256
0,3627556
0,3726204
0,3627123
0,3729548
0,3728468
0,3727887
0,3726293
0,3627093
0,3728148
0,3728162
0,3623109
0,3619883
0,3727854
0,3725907
0,3627189
0,3626578
0,3727976
0,3720369
0,3727126
0,3729271
0,3625363
0,3725228
0,3726077
0,3728109
0,3727851
0,3726572
0,3728662
0,3725239
0,3728107
0,3626224
0,3728924
0,3727321
0,3728641
0,3629488
0,3728592
0,3629165
0,3828123
0,3627737
0,3728361
0,3727295
0,3727526
0,3725714
0,3727037
0,3728150
0,3727797
0,3726989
0,3627217
0,3727924
0,3626554
0,3726846
0,3729024
0,3622064
0,3628472
0,3626601
0,3728025
0,3728943
0,3726044
0,3627998
0,3625708
0,3626521
0,3726660
0,3626769
0,3626710
0,3627897
0,3628367
0,3624692
0,3730322
0,3727823
0,3726648
0,3727777
0,3721542
0,3625526
0,3727477
0,3627600
0,3728374
0,3628116
0,3726903
0,3726033
0,3729091
0,3726951
0,3626246
0,3726517
0,3627941
0,3727685
0,3628465
0,3629069
0,3729164
0,3628200
0,3727047
0,3626651
0,3625930
0,3727270
0,3628824
0,3729096
0,3626037
0,3728847
0,3728554
0,3730000
0,3626419
0,3727362
0,3724864
0,3730290
0,3728440
0,3728449
0,3727023
0,3729248
0,3728056
0,3830673
0,3729077
0,3727824
0,3726495
0,3729356
0,3727857
0,3728234
0,3728508
0,3727321
0,3720324
0,3728890
0,3727896
0,3729204
0,3728236
0,3725708
0,3727900
0,3728701
0,3727931
0,3728141
0,3829600
0,3728588
0,3728384
0,3827732
0,3831303
0,3726871
0,3729308
0,3827932
0,3829647
0,3727867
0,3727541
0,3727463
0,3727556
0,3727771
0,3821114
0,3829335
0,3729797
0,3728549
0,3827041
0,3828344
0,3828077
0,3727986
0,3829251
0,3728635
0,3830171
0,3827667
0,3828208
0,3728556
0,3827168
0,3728612
0,3830225
0,3829091
0,3829150
0,3829291
0,3829856
0,3728715
0,3730179
0,3726357
0,3727615
0,3728121
0,3928020
0,3827253
0,3828705
0,3832005
0,3728181
0,3829055
0,3729533
0,3729465
0,3729760
0,3820978
0,3727363
0,3728743
0,3729136
0,3729606
0,3727543
0,3726353
0,3726014
0,3930141
0,3729438
0,3829868
0,3727537
0,3625221
0,3727130
0,3827058
0,3729493
0,3725821
0,3729151
0,3928507
0,3825413
0,3728615
0,3727422
0,3826259
0,3828438
0,3829913
0,3727455
0,3827715
0,3826762
0,3824742
0,3828497
0,3829668
0,3830039
0,3728031
0,3827708
0,3830984
0,3830334
0,3826555
0,3727722
0,3829770
0,3727202
0,3827277
0,3729317
0,3727954
0,3828867
0,3720585
0,3826855
0,3726544
0,3725852
0,3728886
0,3829644
0,3827824
0,3828995
0,3728513
0,3729293
0,3727421
0,3825823
0,3728274
0,3829241
0,3826782
0,3729675
0,3827472
0,3727760
0,3727292
0,3729915
0,3728535
0,3728947
0,3821108
0,3727390
0,3727218
0,3727589
0,3726281
0,3829713
0,3728442
0,3726409
0,3825495
0,3828057
0,3730181
0,3726970
0,3729268
0,3830831
0,3828310
0,3727953
0,3729487
0,3831002
0,3728949
0,3727932
0,3728711
0,3826327
0,3727575
0,3728731
