0,7690252
0,8768764
0,8566017
0,7266031
0,7369857
0,7884468
0,8232975
0,7909594
0,8567868
0,7838160
0,23271294
0,8145369
0,7735672
0,7614229
0,7574914
0,7873090
0,7499931
0,7472366
0,7574737
0,7605390
0,7695699
0,8864662
0,16694088
0,7377121
0,7656649
0,7818582
0,7853407
0,25575503
0,8292267
0,7531856
0,7462317
0,8277542
0,7782337
0,7417047
0,7497413
0,7254232
0,7791485
0,7362751
0,7580065
0,7178175
0,7194171
0,7455569
0,19544656
0,22964284
0,7048706
0,7726450
0,7718947
0,7814583
0,7994457
0,7385444
0,8051500
0,22733590
0,23344125
0,7201918
0,7180121
0,7510940
0,7589925
0,8459169
0,8202159
0,8440046
0,7622041
0,7483236
0,7601848
0,28018921
0,7909971
0,27864102
0,7584767
0,26830762
0,21969491
0,7821495
0,20982780
0,20563069
0,7657076
0,7492335
0,7540781
0,21093780
0,18539384
0,8290369
0,7530791
0,8176915
0,30244845
0,7613825
0,25661139
0,20046772
0,21028076
0,7807534
0,7714218
0,20200201
0,8017607
0,7916508
0,25430657
0,22292927
0,24331837
0,22334567
0,9106878
0,28350564
0,7538277
0,7419466
0,16615038
0,11776286
0,15480306
0,13631129
0,18198044
0,16421399
0,19872602
0,18770495
0,20519389
0,17474598
0,12878164
0,16355450
0,7379995
0,8370722
0,7370199
0,7197751
0,19538372
0,9581986
0,11242124
0,7989550
0,7460958
0,12179672
0,13863023
0,13605089
0,17054593
0,7337371
0,11253915
0,18833018
0,23293154
0,7354175
0,7606799
0,24344554
0,7255216
0,7344960
0,7693271
0,8493603
0,7157371
0,6967211
0,7045401
0,6968872
0,7040465
0,6946877
0,6986511
0,7140726
0,7597860
0,7143749
0,7341986
0,7141623
0,7145192
0,7051625
0,7260864
0,6744099
0,6939731
0,7564550
0,7582296
0,6839543
0,6839232
0,6739484
0,6838362
0,8287002
0,7172704
0,7622734
0,7463124
0,7252790
0,7353912
0,7248742
0,7330808
0,7245498
0,7145186
0,7245509
0,7144545
0,7351054
0,7141877
0,7145969
0,7168021
0,7242124
0,7242123
0,7615431
0,7145958
0,7343269
0,7145224
0,7243483
0,7449923
0,7343519
0,7240675
0,7273419
0,7588269
0,7261362
0,7248261
0,7443916
0,7245592
0,7243711
0,7048829
0,7342900
0,7356000
0,7141933
0,7399007
0,7352382
0,7243108
0,7250968
0,7814879
0,6998010
0,7242468
0,16556496
0,14361288
0,6945377
0,6996835
0,7164684
0,7146829
0,7042743
0,7051292
0,7243148
0,7383554
0,7177457
0,7142079
0,7370344
0,7270088
0,7166251
0,7149921
0,7243165
0,7063981
0,7242396
0,14653546
0,7451516
0,7624510
0,7053353
0,7242816
0,12391691
0,7160274
0,7153772
0,7267791
0,7241456
0,13366412
0,7357433
0,7250356
0,7155456
0,7143657
0,13357048
0,7048440
0,7258443
0,7042005
0,7245691
0,7066448
0,7189767
0,7156444
0,7141588
0,7976302
0,7154785
0,7141278
0,7277861
0,7443951
0,7170582
0,7504665
0,7262125
0,7343056
0,7242348
0,7461148
0,7577970
0,7570624
0,7245251
0,7163451
0,7345146
0,7244043
0,7146368
0,7045893
0,7151215
0,7480881
0,7348331
0,7153103
0,7151744
0,7176840
0,7189813
0,15522360
0,7251773
0,7285124
0,7156814
0,7153129
0,10296423
0,7342582
0,7375522
0,7154565
0,7288940
0,7162151
0,7146471
0,7479978
0,7242293
0,7354428
0,7162233
0,7294929
0,7443448
0,7382137
0,7259432
0,7250266
0,7155070
0,7151354
0,7344987
0,7258809
0,7278055
0,7153856
0,7240914
0,7622944
0,10328312
0,7443051
0,7057559
0,7151717
0,7266280
0,7142797
0,7460271
0,7345076
0,10360995
0,12855588
0,7240142
0,7241540
0,7246695
0,10674703
0,7256546
0,7251921
0,7145276
0,7051754
0,7567772
0,7308042
0,7246481
0,7244113
0,7290785
0,7567587
0,7267551
0,7144772
0,7257667
0,7262630
0,7146138
0,7249346
0,7249008
0,7249911
0,7245289
0,7474140
0,7245667
0,7357112
0,7243365
0,7161870
0,7243623
0,7452732
0,6951213
0,7486656
0,7250319
0,13121475
0,7256660
0,7146032
0,7248946
0,7252353
0,7208176
0,7241744
0,13495754
0,7141881
0,7155002
0,7354080
0,7314369
0,7343888
0,7149370
0,7967271
0,7241428
0,7142537
0,7140429
0,13551649
0,7156938
0,7240868
0,7140813
0,7170501
0,7510846
0,7430412
0,7141574
0,12971177
0,7547966
0,7547269
0,12783061
0,7269657
0,7255162
0,7281528
0,15646558
0,7256564
0,7147318
0,7247616
0,10902643
0,7349766
0,7243290
0,11887153
0,17644706
0,7293896
0,16327114
0,7554324
0,7345268
0,7342819
0,7449378
0,7361187
0,7353972
0,7359701
0,7346298
0,7143257
0,7289283
0,7150455
0,15475455
0,8061856
0,7144005
0,7183935
0,25993631
0,7401728
0,7140626
0,16726170
0,6638674
0,9225769
0,6854940
0,8178643
0,7042620
0,7991853
0,6735990
0,6851642
0,6634893
0,7460193
0,6637315
0,6635822
0,7149074
0,7457616
0,6737723
0,7368591
0,6839562
0,6911124
0,6745936
0,6735484
0,6739390
0,6737394
0,6837269
0,6738726
0,6737408
0,6735566
0,6738557
0,6838637
0,6838479
0,6837727
0,6737269
0,8448615
0,9646324
0,11343866
0,6841758
0,6741495
0,6952317
0,6986059
0,7574616
0,7461850
0,7350791
0,6960156
0,7563790
0,7163501
0,6954567
