11.6688, 8.85648, 0.0611095
12.3485, 9.17629, -2.40715
11.5644, 9.10541, -1.26063
11.061, 8.68718, 0.169588
11.537, 8.7687, 1.15651
11.3455, 8.93079, 0.320933
12.1372, 8.9295, 0.0471183
11.7879, 8.6272, -2.37612
11.7902, 8.92831, 0.880841
12.0257, 8.87782, 0.219038
11.6606, 8.83602, 0.739142
11.3522, 8.89391, -3.12283
11.651, 8.98602, -0.0751037
11.9352, 8.8403, 0.941824
12.3028, 9.02154, 0.809261
11.4684, 8.75162, 1.5376
11.8539, 8.95117, 0.319329
11.8099, 8.90242, 0.100996
11.6241, 8.92448, -0.993502
11.4268, 8.74682, 1.92705
11.8263, 8.76055, -0.370259
11.6831, 8.95629, 1.25783
12.2342, 9.01502, 0.951803
11.881, 9.04438, -1.29244
11.9859, 8.91321, 0.755467
11.447, 8.92392, -1.06782
12.179, 8.88891, 0.632181
11.8667, 8.99848, 1.16139
11.7326, 8.87341, 2.50625
11.887, 9.07493, -0.227659
11.4821, 8.78789, -1.38065
11.7941, 8.88385, 1.14244
11.9708, 8.76188, 1.11008
11.74, 9.00621, 0.953148
11.7227, 8.82519, 0.153559
11.6101, 8.85891, -0.0747431
11.5011, 8.99281, -1.79888
11.8236, 8.94449, -0.814983
11.6439, 8.92442, -2.16016
12.0228, 8.99498, 0.941836
12.0175, 9.05191, -0.435788
12.0455, 8.90801, 0.0412019
11.642, 8.83698, 1.85184
11.7238, 9.03347, 1.41609
11.9716, 8.89187, -2.40618
12.0628, 8.97367, -0.13917
12.0415, 9.17037, 1.20742
11.7076, 9.08998, -0.18148
11.7335, 8.82329, 0.00998537
12.3037, 8.84508, 1.99315
11.7735, 8.92386, 1.53735
11.5255, 8.72645, 1.93049
11.514, 9.00022, -0.283923
12.2741, 8.8933, 1.56682
11.8513, 8.91846, 0.15044
11.5819, 8.92153, 1.04028
11.7445, 8.9019, 1.56384
7.98102, 7.20524, 0.197843
11.8519, 8.90091, 1.62716
7.88056, 7.30496, 1.34412
11.6285, 9.0678, 0.276693
12.1483, 8.85869, -0.00797832
12.5953, 9.01259, 1.38258
11.7261, 8.87247, -0.594145
11.9228, 9.19183, -3.05138
11.6045, 8.86578, 0.457937
11.6786, 8.81544, 0.833447
12.1298, 8.91692, -0.492389
11.5167, 8.88332, -0.559703
12.1075, 8.90473, 0.225742
11.7391, 8.77531, 1.00433
11.6311, 9.10899, -3.06557
12.1767, 8.98618, 0.804164
11.6229, 8.94628, -1.18346
11.7016, 8.81602, 1.64322
11.7529, 8.85333, -0.368484
11.1505, 8.81315, 0.465289
11.2621, 8.80431, -0.871307
12.305, 9.08923, 2.00785
11.7578, 8.81813, -0.0559158
11.4936, 8.86452, 1.13002
11.4786, 8.94651, -3.12342
11.8434, 8.932, 0.894305
10.5391, 8.47526, -0.690192
11.8834, 8.69901, 2.95593
8.11648, 7.21137, 0.861679
11.8315, 8.96155, 1.69873
11.2052, 8.6693, -2.28927
11.9931, 8.96257, -0.977208
11.5752, 8.82721, 0.196856
11.5507, 8.80564, 0.409316
12.3274, 8.74789, 1.09106
11.9392, 8.78647, 1.15305
11.648, 8.79263, 0.987182
12.0432, 8.80201, 1.39543
11.0403, 8.81484, 0.161845
11.5133, 8.81897, 0.368501
11.6943, 8.84894, 1.40968
11.8595, 8.79671, -2.9869
12.0434, 8.87888, 0.820652
11.7433, 8.95816, -0.0983623
11.2947, 8.68445, 1.13928
11.5803, 8.7859, 0.496532
11.985, 8.9067, 0.184802
12.02, 9.00695, 0.736767
11.8602, 8.88037, 0.714856
11.816, 8.89081, 0.0657834
12.0208, 8.98109, 0.950212
11.7865, 8.85756, 0.781902
11.1448, 8.68996, 1.50143
11.8034, 8.89223, 2.5743
11.6703, 8.81872, -0.507272
12.3857, 9.00645, 1.13598
12.1078, 8.99325, 1.20724
11.9649, 9.13298, 0.630559
11.9594, 8.98993, 0.194364
11.7368, 8.87722, 0.0228309
11.832, 8.80925, 1.04575
11.4473, 8.82726, 0.41463
11.2495, 8.90831, 1.452
12.1245, 9.05417, 0.704914
11.4047, 8.81181, -2.22815
11.5654, 8.85879, -0.68993
12.463, 9.17698, 0.184939
11.0984, 8.83125, 1.23434
12.0285, 8.85609, 0.107935
11.6203, 8.7709, -0.689407
11.9524, 8.91044, 0.573305
11.6763, 8.74972, 1.49074
11.4627, 8.78811, 1.07199
11.7144, 8.80929, 0.637283
12.0711, 8.99328, -1.36499
11.4151, 8.80824, 2.55923
11.4719, 8.78877, 0.991807
12.0858, 8.82686, 0.572349
11.5217, 8.86091, 0.124606
11.5111, 8.90193, 0.201789
11.7349, 9.03217, 2.11923
11.5164, 8.70672, 0.543023
11.5044, 8.6626, 1.39363
11.547, 8.84722, -3.11136
11.5199, 8.91188, 0.0995433
11.9733, 8.79668, 0.446678
11.5486, 8.75864, 0.584431
11.7153, 8.94518, 1.35178
11.7866, 9.02278, 0.605697
12.0171, 8.97043, 1.38218
12.1002, 8.97738, 0.298895
11.8971, 8.79501, 1.6863
11.9009, 9.01174, -0.148134
11.9307, 9.0222, 1.36908
11.3967, 8.80779, 0.474126
11.6356, 8.74014, -0.218927
11.6576, 9.01103, 1.23119
11.8313, 8.68144, 0.101783
11.4158, 8.70941, 0.657939
12.037, 8.85064, 0.673331
11.8372, 8.72252, 0.852636
11.6166, 8.75385, 0.818923
11.7029, 8.6397, -0.159919
11.0279, 8.57905, 1.02453
11.9025, 8.73733, -0.117304
10.9932, 8.50803, 1.36456
11.5201, 8.76204, 1.53197
11.6972, 8.99427, 0.943443
11.9732, 9.01698, 2.58772
11.9737, 8.93158, -2.00536
11.7589, 8.90077, 2.74985
7.63681, 7.00515, 1.145
11.5281, 8.77697, 0.491077
11.9687, 8.80885, 0.798026
11.6038, 9.01182, 0.541222
11.0165, 8.75842, 0.895961
11.6409, 8.70553, 1.14642
11.6214, 8.63353, 0.0192618
8.98594, 7.69677, 1.79383
11.3763, 8.86234, 1.33938
11.5913, 8.76174, 1.51173
11.5019, 8.85657, 1.11425
11.4557, 8.74355, 1.80423
11.6939, 8.74419, 1.41317
12.0057, 8.97799, 0.185201
11.7799, 8.94755, 0.577017
11.7494, 8.90269, 0.994542
11.6981, 8.81715, 0.990018
11.7736, 8.73507, 1.04548
11.7774, 8.84224, -0.445736
11.4664, 8.9481, 2.58473
11.8056, 8.76459, -0.529686
11.975, 8.92524, 0.152853
11.5084, 8.75518, 1.23687
11.2522, 8.8113, -0.314602
12.0336, 9.1338, 1.42603
11.9708, 8.95322, 0.524721
11.8906, 8.98811, 1.8781
11.9568, 8.82432, 0.73172
11.2899, 8.95109, 1.27912
11.5243, 8.87069, 2.89497
12.4756, 8.85368, 0.355717
11.4007, 8.5995, 1.00551
12.0166, 8.8746, 0.774539
11.5917, 8.73271, 1.6057
11.6876, 8.8502, 0.217162
11.942, 8.87779, 0.00338232
11.7433, 8.85631, 1.56804
11.3464, 8.97451, -0.408674
11.2382, 8.77104, 0.3904
11.0488, 8.50998, 0.291023
11.2295, 8.90162, -0.991719
12.6247, 9.06715, 1.85718
11.5047, 8.98277, 0.950139
11.272, 8.7574, 2.0655
11.1999, 8.48886, -0.155014
11.7008, 8.91772, 0.170208
11.6751, 8.89798, 0.341527
11.8053, 8.98864, 0.308373
11.8911, 8.86086, 0.640041
11.007, 8.51814, 0.958017
10.9745, 8.72216, 1.31099
11.4295, 9.0039, 1.80133
10.8492, 8.65182, -0.7555
12.0613, 8.96544, 0.126172
11.1515, 8.94801, -0.348337
11.5151, 8.88407, 1.64982
11.7384, 8.77684, 0.766959
12.0639, 8.85747, 1.6578
11.6446, 9.12063, 2.00359
11.1772, 8.73204, 0.485152
11.981, 8.83133, 0.626398
10.9254, 8.5891, 0.951907
11.5258, 9.09646, 1.25977
11.9507, 8.99539, 1.35058
11.5651, 8.96721, 2.06572
11.5811, 8.84813, 0.351328
11.5766, 8.82389, 0.493476
11.4133, 8.40106, -0.412846
11.4079, 8.54448, 0.99373
11.9131, 9.16834, 1.75424
11.3955, 8.70091, 1.02551
10.8898, 8.56226, -0.440864
11.6329, 8.8527, 0.739627
11.6199, 8.86903, 0.455448
11.5271, 8.79634, 0.141221
11.0431, 8.63213, -0.0257192
11.2885, 8.81182, 0.451015
11.0134, 8.83113, 0.864756
11.6486, 8.9599, 0.411004
11.3465, 8.74014, 1.25365
11.3215, 9.04566, -0.387981
12.0275, 8.88022, 1.18306
11.2397, 8.85765, 0.814925
11.9446, 9.08961, 0.637658
11.5484, 8.81889, 1.07252
11.7723, 8.85915, 1.49407
11.5554, 8.80495, 0.398622
9.83233, 8.26001, -0.0723499
11.4876, 8.59184, 1.33471
11.7783, 8.82175, 2.0816
11.8276, 8.70618, 0.430816
11.3454, 8.8576, 1.94326
11.2081, 8.58273, 0.785746
12.1087, 9.07038, 1.48783
11.1813, 8.6752, 0.527451
11.1197, 8.80527, -0.750331
11.6741, 8.80023, -0.083396
11.7681, 8.94465, 0.273346
11.3503, 8.78066, 0.441086
11.0191, 8.75845, 0.869495
12.0364, 9.1268, 0.735516
11.2646, 8.87184, 2.93943
11.177, 8.6017, 0.235109
11.7548, 8.93752, 0.583619
11.6217, 8.71974, 1.6812
11.4697, 9.05351, 0.288144
11.8175, 9.09608, 1.40424
11.8557, 8.86178, 1.26105
11.0704, 8.63423, 0.79687
11.0973, 8.69412, 1.51156
11.6012, 8.71305, 1.23213
11.587, 9.08262, 0.15016
11.195, 8.71019, 1.66422
11.4378, 9.04395, 1.1064
11.3924, 8.84703, 0.726032
11.2978, 8.79389, 0.622733
11.8693, 8.92678, -0.455844
8.11273, 7.07433, 1.50395
9.81492, 8.25683, 1.64957
10.9111, 8.78055, 0.82066
11.752, 8.78846, -0.00410204
10.3028, 8.37924, -1.32945
11.2443, 8.80865, -0.022134
10.9821, 8.76693, 1.43644
11.7599, 8.9408, 1.67394
11.5046, 8.95821, 0.118099
7.74009, 7.09334, -2.19607
11.4732, 8.73546, 1.0381
10.8571, 8.7774, 0.773863
11.1323, 8.80315, 0.301384
11.6529, 9.04292, 0.528844
11.0068, 8.72089, 0.658061
11.5338, 8.7233, 2.43967
11.8549, 8.98778, 2.2445
11.3731, 8.71034, 0.0537583
11.4375, 8.79265, 0.612117
11.4517, 8.79742, 0.199983
11.3864, 8.6305, 0.359537
11.5826, 8.63308, 0.769181
11.0699, 8.78735, 1.26074
11.8684, 9.01365, 1.46408
11.8291, 8.63233, 0.813204
10.8544, 8.66702, -0.427073
10.967, 8.78517, 1.34167
11.2292, 9.01313, 0.1796
11.7325, 9.14767, 0.37437
10.6298, 8.49117, 2.81838
12.3336, 9.19816, 1.02365
11.4345, 8.56127, 0.932109
11.6503, 8.89275, 0.276031
11.872, 8.96402, 0.332233
11.4979, 8.91314, 1.33099
11.445, 8.84682, -0.253612
10.7215, 8.70334, 1.3839
10.221, 8.5388, -2.0943
10.8651, 8.60209, 1.49229
11.1367, 8.65894, -0.394459
10.9036, 8.60847, 1.11282
10.7206, 8.49486, 0.495946
11.2656, 8.33037, 0.928652
10.253, 8.23083, 0.668108
11.2868, 8.76715, 0.145536
11.518, 8.88587, 1.68979
11.6145, 8.70074, -2.47094
11.0388, 8.77945, -0.822544
11.8007, 8.73069, 0.999157
11.8218, 9.0414, 1.12193
11.5445, 8.80971, 0.72318
11.2384, 8.71145, 0.652012
11.0962, 8.81102, 0.457875
11.5264, 8.75141, 1.19376
11.369, 8.87509, -0.341525
10.4311, 8.39191, 0.930139
11.4063, 8.5883, -0.0218219
11.693, 9.04104, 0.223087
11.0446, 8.83214, -1.34596
11.4879, 8.87509, 1.45565
10.7815, 8.75023, 1.2197
11.1856, 8.70461, 0.487123
11.296, 8.54399, 0.279806
11.6939, 9.02282, 1.25343
11.5124, 8.80651, 0.211183
11.2792, 8.55785, -1.14715
11.2704, 8.76868, -0.520788
10.7289, 8.67736, -0.708204
11.7866, 8.67591, 0.0989011
11.3474, 8.68113, 0.552384
11.4629, 8.55807, 1.43099
10.995, 8.85983, -0.486954
11.0805, 8.66869, 1.7071
11.8344, 8.69587, -0.0631362
11.2081, 8.79031, 0.733826
11.1617, 8.79519, 1.09213
10.6301, 8.53789, 0.664034
11.1028, 8.68906, 0.703092
11.2616, 8.68882, -0.0132505
11.5092, 8.83184, 0.669986
10.9885, 8.62303, -2.77221
11.8911, 9.10265, 0.331622
11.3685, 8.77147, 1.01467
11.7964, 8.65367, 1.85997
7.52191, 7.32195, 0.636868
11.8442, 8.65703, 0.801896
11.5499, 8.71804, 0.878649
11.5511, 8.73396, 1.18839
8.25128, 7.2163, 0.496864
11.1311, 8.87728, 1.57313
11.6281, 8.84776, -1.5514
11.9788, 8.70821, 0.78146
11.5961, 8.99351, 1.33915
11.1395, 8.71863, -0.576658
11.0672, 8.70743, 1.2626
11.3183, 8.79229, 2.5196
11.4821, 8.85894, 0.161597
11.7702, 8.82172, 1.03568
10.4649, 8.55755, -0.295783
11.327, 8.94882, 0.180755
11.3469, 8.74968, 0.611461
11.4207, 8.86214, 1.0698
10.6619, 8.57111, -2.04732
11.833, 8.71873, 0.535905
11.5893, 8.91259, 0.82592
11.4947, 8.84294, 0.541543
10.9925, 8.67966, 0.983469
11.389, 8.78925, 1.51014
10.5198, 8.45457, 1.30793
11.446, 8.5833, 0.124929
11.443, 8.95453, -0.848605
10.7937, 8.82554, 2.76899
11.2617, 8.73077, 0.617837
10.5303, 8.65644, 1.53643
11.4506, 8.73348, 0.387262
11.8565, 8.83111, 0.231443
11.266, 8.87785, 1.10897
11.6631, 8.84758, 1.78156
11.836, 8.83886, -1.93849
11.4198, 8.72398, 1.47575
11.1642, 8.77882, 1.469
10.8671, 8.60704, -1.01476
11.3224, 8.68019, -2.45784
11.8498, 8.90967, 0.206106
11.7462, 8.87198, 1.4041
11.3013, 8.87154, 1.57471
11.2893, 8.88626, 0.335703
11.6626, 8.84393, 0.170374
12.065, 8.71128, 0.687923
11.5841, 8.68334, 0.0165061
8.17256, 7.11542, 1.68285
11.8489, 8.97921, 0.49839
11.5281, 8.79191, 1.93372
11.5264, 8.58059, 1.28642
11.1185, 8.85149, -0.0806374
11.9922, 9.02686, 0.646757
11.8628, 8.94914, 0.635443
11.9141, 9.03909, 0.529843
11.9175, 8.83951, 2.70874
11.1406, 8.6148, 0.321937
10.8755, 8.72772, -1.61933
11.374, 8.8953, -0.623811
11.6714, 8.7577, 1.54263
11.8466, 8.8824, -0.500804
11.8158, 8.82146, 0.934082
11.5186, 8.73906, -0.495202
11.5081, 8.57407, -1.20074
11.7829, 8.64045, 0.644062
11.6388, 8.80726, -1.11375
10.2551, 8.36937, 0.941231
11.2287, 8.66905, 0.984697
11.2297, 8.51497, -2.37136
11.9645, 8.96285, 0.223215
11.4358, 8.80793, 0.882361
12.0158, 9.08225, -0.451854
11.4295, 8.70489, 1.8322
11.7641, 8.53527, 1.36802
11.5254, 8.67141, 0.494315
11.2006, 8.83414, -0.402602
12.0132, 8.4628, 0.878036
11.3349, 8.83449, -0.174062
11.3974, 8.70925, -0.325656
11.1626, 8.67996, 0.901642
11.4646, 8.72979, -1.52756
11.2387, 8.96944, 1.92581
