9.11048, 9.09173, 0.181271
9.12129, 9.09419, 0.182234
9.13185, 9.0966, 0.181092
9.14203, 9.09884, 0.182482
9.17248, 9.09552, 0.192767
9.18295, 9.09789, 0.193624
9.19461, 9.10061, 0.196387
9.20664, 9.1034, 0.197422
9.21794, 9.10584, 0.196299
9.2114, 9.11443, 0.186855
9.22123, 9.11643, 0.186944
9.23132, 9.11839, 0.18591
9.2403, 9.12025, 0.189355
9.2518, 9.12261, 0.189006
9.25786, 9.11929, 0.186423
9.27062, 9.12172, 0.18494
9.28446, 9.12434, 0.187926
9.29666, 9.12696, 0.1855
9.30698, 9.12917, 0.18623
9.31684, 9.12683, 0.195751
9.33035, 9.13002, 0.194073
9.34273, 9.133, 0.191517
9.35529, 9.13601, 0.190374
9.3683, 9.13912, 0.193793
9.36243, 9.12325, 0.178144
9.37287, 9.12477, 0.178789
9.38426, 9.12656, 0.179787
9.39748, 9.1287, 0.179961
9.40732, 9.13029, 0.180127
9.43262, 9.1459, 0.183957
9.44602, 9.14928, 0.183304
9.45835, 9.15249, 0.180793
9.46975, 9.15548, 0.178948
9.48239, 9.15853, 0.179082
9.47031, 9.16174, 0.162333
9.49108, 9.14666, 0.18818
9.50317, 9.14852, 0.187915
9.51434, 9.15041, 0.187462
9.52602, 9.15231, 0.187308
9.54112, 9.17486, 0.166644
9.55263, 9.17696, 0.167421
9.56513, 9.17926, 0.16775
9.57794, 9.18164, 0.167204
9.5907, 9.18386, 0.168238
9.57865, 9.19044, 0.17733
9.59322, 9.19308, 0.176629
9.60326, 9.19492, 0.175865
9.61564, 9.1972, 0.177768
9.62828, 9.19951, 0.178328
9.64939, 9.20262, 0.177698
9.65883, 9.20444, 0.177755
9.66922, 9.20642, 0.179298
9.67942, 9.20841, 0.179711
9.69073, 9.2106, 0.179135
9.70202, 9.20994, 0.183115
9.71186, 9.21177, 0.183195
9.72478, 9.21423, 0.181227
9.73509, 9.21617, 0.181925
9.74687, 9.21838, 0.181008
9.75194, 9.20502, 0.173929
9.76531, 9.20745, 0.174293
9.77838, 9.20981, 0.181595
9.792, 9.21236, 0.1921
9.80285, 9.2146, 0.202596
9.80927, 9.23271, 0.210284
9.82103, 9.2355, 0.2217
9.83182, 9.23822, 0.233462
9.84214, 9.24092, 0.242572
9.85402, 9.24411, 0.25294
9.86032, 9.24677, 0.266809
9.87075, 9.24955, 0.277698
9.88174, 9.25265, 0.29085
9.90933, 9.24813, 0.309346
9.92112, 9.25165, 0.321016
9.93037, 9.25721, 0.331776
9.94322, 9.26156, 0.332121
9.95331, 9.26482, 0.33113
9.96461, 9.26856, 0.331863
9.97405, 9.27158, 0.331213
9.98565, 9.2787, 0.329457
9.99814, 9.2828, 0.331746
10.0097, 9.28671, 0.329817
10.0226, 9.29099, 0.328326
10.0351, 9.29505, 0.329615
10.0423, 9.29454, 0.332295
10.055, 9.29846, 0.33332
10.0675, 9.30236, 0.332622
10.0784, 9.30566, 0.332924
10.091, 9.30952, 0.335642
10.1029, 9.3115, 0.332842
10.1148, 9.31536, 0.333137
10.1262, 9.31912, 0.33342
10.137, 9.32259, 0.33306
10.1483, 9.32633, 0.333494
10.1301, 9.33856, 0.33401
10.1422, 9.3426, 0.333459
10.1524, 9.34598, 0.332439
10.1632, 9.34967, 0.333489
10.1758, 9.35397, 0.333583
10.185, 9.35696, 0.332701
10.1965, 9.36084, 0.332531
10.2093, 9.36517, 0.333534
10.2211, 9.36917, 0.33547
10.2331, 9.37327, 0.336182
10.2452, 9.37664, 0.339503
10.2568, 9.38047, 0.339274
10.2686, 9.38446, 0.337455
10.2802, 9.38832, 0.337618
10.2923, 9.39233, 0.340409
10.2983, 9.39537, 0.341096
10.3078, 9.39847, 0.338237
10.3199, 9.40257, 0.337623
10.3298, 9.40594, 0.338064
10.3409, 9.40966, 0.338529
10.3497, 9.4147, 0.347757
10.3598, 9.4182, 0.358766
10.3701, 9.42186, 0.369248
10.3718, 9.42223, 0.421805
10.3781, 9.4247, 0.469295
10.383, 9.42579, 0.509104
10.384, 9.42565, 0.565673
10.3866, 9.42687, 0.620503
10.3865, 9.42613, 0.67435
10.3881, 9.42682, 0.726899
10.3853, 9.42268, 0.773452
10.3905, 9.42724, 0.82997
10.3906, 9.42682, 0.884963
10.3915, 9.4276, 0.937644
10.3923, 9.42821, 0.991012
10.3924, 9.4302, 1.02959
10.3918, 9.42834, 1.08635
10.3909, 9.42525, 1.14314
10.3921, 9.42701, 1.1981
10.3918, 9.42546, 1.24962
10.3924, 9.40161, 1.29922
10.3917, 9.39703, 1.35314
10.3913, 9.39488, 1.40892
10.3929, 9.40713, 1.46154
10.3944, 9.4212, 1.47726
10.3963, 9.43577, 1.4827
10.3978, 9.4476, 1.49474
10.3988, 9.45581, 1.50612
10.4001, 9.46692, 1.51463
10.4012, 9.47689, 1.52589
10.4047, 9.4881, 1.53431
10.4055, 9.49829, 1.53629
10.4061, 9.50707, 1.53772
10.4069, 9.51757, 1.53582
10.4076, 9.52832, 1.53749
10.4135, 9.5841, 1.54759
10.4139, 9.59228, 1.54876
10.4143, 9.6024, 1.55531
10.415, 9.61209, 1.56552
10.4156, 9.62121, 1.57589
10.4089, 9.59699, 1.57954
10.4092, 9.60795, 1.58894
10.4296, 9.61648, 1.59299
10.4106, 9.63322, 1.61227
10.41, 9.6432, 1.6222
10.4079, 9.65356, 1.63536
10.4073, 9.66297, 1.64693
10.4068, 9.67237, 1.65749
10.4061, 9.6819, 1.67107
10.4054, 9.69052, 1.68296
10.3992, 9.70565, 1.69498
10.3984, 9.71481, 1.70676
10.3974, 9.72506, 1.71995
10.396, 9.73631, 1.73062
10.3945, 9.74722, 1.74059
10.3929, 9.77092, 1.7511
10.3911, 9.78241, 1.75914
10.3893, 9.79245, 1.76883
10.3877, 9.80142, 1.77922
10.3857, 9.81138, 1.78851
10.3825, 9.82116, 1.80103
10.3805, 9.83171, 1.81037
10.3783, 9.84191, 1.81838
10.3756, 9.85339, 1.83057
10.3726, 9.86493, 1.83956
10.369, 9.87551, 1.84814
10.3666, 9.88531, 1.85941
10.3639, 9.89551, 1.87048
10.3612, 9.9055, 1.8805
10.3574, 9.9183, 1.89215
10.3568, 9.93461, 1.90783
10.3529, 9.94633, 1.91788
10.3498, 9.95568, 1.92781
10.3472, 9.96361, 1.93869
10.3436, 9.97351, 1.9501
10.342, 9.98316, 1.95969
10.3393, 9.99107, 1.97225
10.3354, 10.0017, 1.98387
10.331, 10.0128, 1.99629
10.3268, 10.0234, 2.00806
10.3261, 10.0313, 2.02108
10.3219, 10.0418, 2.03251
10.3171, 10.0533, 2.04605
10.3135, 10.0622, 2.05751
10.3089, 10.0726, 2.06959
10.3024, 10.0822, 2.0802
10.2971, 10.0922, 2.09062
10.2924, 10.1011, 2.09962
10.2873, 10.1109, 2.09873
10.2804, 10.124, 2.09608
10.2729, 10.1379, 2.10123
10.2676, 10.1477, 2.10113
10.2611, 10.1593, 2.10024
10.2553, 10.1705, 2.09796
10.2494, 10.1816, 2.09922
10.2457, 10.1886, 2.09647
10.2393, 10.2003, 2.09533
10.2336, 10.2112, 2.0945
10.2285, 10.2213, 2.09356
10.2236, 10.2311, 2.09345
10.2148, 10.2454, 2.09108
10.2089, 10.2568, 2.09276
10.204, 10.2664, 2.09363
10.1987, 10.2765, 2.09527
10.1931, 10.2873, 2.09609
10.1882, 10.2999, 2.09552
10.1825, 10.3104, 2.09493
10.1763, 10.3219, 2.09589
10.1702, 10.333, 2.09529
10.165, 10.3428, 2.09588
10.1631, 10.3489, 2.09433
10.1575, 10.3595, 2.09276
10.152, 10.3699, 2.09239
10.146, 10.3809, 2.09341
10.1402, 10.3919, 2.0928
10.1383, 10.4029, 2.09353
10.1328, 10.4133, 2.09305
10.1254, 10.4268, 2.09154
10.1191, 10.4386, 2.09217
10.1131, 10.45, 2.09186
10.1075, 10.4545, 2.09441
10.1021, 10.4648, 2.09303
10.0957, 10.4768, 2.09242
10.0901, 10.4876, 2.09234
10.0846, 10.4982, 2.09203
10.0845, 10.5065, 2.08855
10.0785, 10.5172, 2.08913
10.0729, 10.5274, 2.09086
10.0675, 10.537, 2.09218
10.063, 10.5453, 2.09205
10.057, 10.5529, 2.09154
10.0514, 10.5631, 2.09221
10.0458, 10.5738, 2.09371
10.0397, 10.585, 2.09415
10.034, 10.5959, 2.09333
10.0293, 10.6042, 2.09701
10.0236, 10.615, 2.09694
10.0182, 10.6249, 2.09708
10.0126, 10.6356, 2.09799
10.0071, 10.646, 2.09915
10.0032, 10.6508, 2.09838
9.99751, 10.6612, 2.09775
9.99181, 10.6717, 2.09802
9.98642, 10.6817, 2.09843
9.98136, 10.691, 2.09725
9.97679, 10.7003, 2.09813
9.97132, 10.7102, 2.09793
9.96587, 10.7202, 2.09667
9.95955, 10.7317, 2.09689
9.95395, 10.7418, 2.0971
9.94565, 10.7548, 2.09764
9.93949, 10.7662, 2.09681
9.93423, 10.7761, 2.09762
9.92859, 10.7865, 2.0967
9.92269, 10.7974, 2.09606
9.91931, 10.8076, 2.09124
9.91359, 10.8181, 2.09139
9.90881, 10.827, 2.09054
9.90379, 10.8365, 2.08973
9.89875, 10.8459, 2.0903
9.88909, 10.8573, 2.09005
9.88394, 10.8669, 2.08879
9.87805, 10.8779, 2.08786
9.8734, 10.8866, 2.08897
9.8677, 10.8972, 2.08867
9.85984, 10.9079, 2.08951
9.85464, 10.9176, 2.08938
9.84951, 10.927, 2.0899
9.84307, 10.9389, 2.08865
9.83805, 10.9483, 2.08821
9.83429, 10.957, 2.09312
9.82902, 10.9667, 2.09271
9.82378, 10.9765, 2.09218
9.81853, 10.9861, 2.09226
9.81356, 10.9952, 2.09261
9.81192, 11.0053, 2.09317
9.80656, 11.015, 2.0944
9.80141, 11.0242, 2.0951
9.79613, 11.0336, 2.09413
9.79083, 11.0433, 2.09516
9.78248, 11.0551, 2.1002
9.77646, 11.0658, 2.09849
9.7706, 11.0764, 2.09923
9.76461, 11.0871, 2.1001
9.7589, 11.0974, 2.10113
9.75264, 11.1106, 2.10678
9.74672, 11.1214, 2.10353
9.74146, 11.1312, 2.10568
9.73584, 11.1414, 2.10612
9.73026, 11.1516, 2.10531
9.72482, 11.1615, 2.10509
9.71987, 11.1709, 2.10418
9.7147, 11.1806, 2.10369
9.71007, 11.1894, 2.10383
9.70451, 11.1995, 2.10361
9.69756, 11.2137, 2.10445
9.69148, 11.2247, 2.10437
9.68611, 11.2344, 2.10396
9.68082, 11.2439, 2.10393
9.67436, 11.2553, 2.10279
9.67006, 11.2597, 2.09913
9.66455, 11.2698, 2.09866
9.6596, 11.2789, 2.09978
9.65422, 11.2888, 2.09941
9.64861, 11.2992, 2.09995
9.64588, 11.3108, 2.10327
9.63937, 11.3228, 2.10301
9.63426, 11.3324, 2.10214
9.62865, 11.3426, 2.10277
9.62334, 11.3522, 2.10207
9.6157, 11.3644, 2.10053
9.61078, 11.3739, 2.10079
9.60556, 11.3837, 2.10316
9.60021, 11.3938, 2.10192
9.59503, 11.4035, 2.10185
9.58777, 11.4171, 2.10429
9.58213, 11.4273, 2.10415
9.57671, 11.4374, 2.10235
9.57134, 11.4474, 2.10231
9.5659, 11.4572, 2.10262
9.55659, 11.4734, 2.10534
9.55105, 11.4835, 2.10592
9.54556, 11.4933, 2.10698
9.54021, 11.5029, 2.10653
9.5341, 11.5137, 2.10558
9.52608, 11.5286, 2.1055
9.5209, 11.5378, 2.10678
9.515, 11.5481, 2.10514
9.50962, 11.5575, 2.10382
9.50397, 11.5676, 2.10445
9.50159, 11.5734, 2.10107
9.49669, 11.5821, 2.10018
9.49079, 11.5923, 2.10017
9.48582, 11.601, 2.10136
9.47967, 11.6117, 2.09958
9.47416, 11.6225, 2.09805
9.46853, 11.6324, 2.09869
9.46361, 11.641, 2.09748
9.45792, 11.6511, 2.09721
9.45269, 11.6603, 2.09736
9.4484, 11.6686, 2.10177
9.44288, 11.6782, 2.10941
9.43719, 11.6878, 2.11988
9.4315, 11.697, 2.12861
9.42517, 11.7071, 2.14116
9.42231, 11.7124, 2.15318
9.41609, 11.7218, 2.1635
9.40978, 11.7312, 2.174
9.40311, 11.7409, 2.18566
9.39658, 11.7501, 2.19496
9.39316, 11.7559, 2.20647
9.38613, 11.7654, 2.21766
9.3772, 11.7773, 2.23395
9.36798, 11.789, 2.24806
9.36016, 11.7988, 2.25927
9.35502, 11.8035, 2.27558
9.34466, 11.8157, 2.29174
9.33344, 11.8286, 2.30688
9.32195, 11.8414, 2.32158
9.31053, 11.8536, 2.33779
9.29826, 11.8668, 2.35637
9.28681, 11.8784, 2.37232
9.2765, 11.8885, 2.38774
9.26564, 11.8989, 2.40036
9.25466, 11.9091, 2.41623
9.24214, 11.9197, 2.43044
9.23024, 11.93, 2.44276
9.21853, 11.9401, 2.45562
9.20729, 11.9494, 2.47037
9.19571, 11.9588, 2.48311
9.18535, 11.967, 2.49851
9.17396, 11.9757, 2.50365
9.15974, 11.9865, 2.50266
9.14696, 11.9962, 2.50268
9.13498, 12.0054, 2.50353
9.12398, 12.0129, 2.50362
9.11239, 12.0217, 2.50452
9.10118, 12.0302, 2.50336
9.08987, 12.0388, 2.50364
9.07765, 12.048, 2.50282
9.06501, 12.057, 2.50826
9.05257, 12.0663, 2.50757
9.03954, 12.076, 2.5056
9.02824, 12.0845, 2.50464
9.01603, 12.0936, 2.50519
9.00317, 12.1038, 2.50347
8.99031, 12.1134, 2.50379
8.97794, 12.1225, 2.50224
8.96562, 12.1317, 2.50075
8.95377, 12.1404, 2.50031
8.93964, 12.1499, 2.50193
8.9258, 12.1602, 2.50212
8.91352, 12.1692, 2.50224
8.90105, 12.1786, 2.50253
8.88867, 12.1879, 2.50291
8.87411, 12.1975, 2.50201
8.86255, 12.2062, 2.50215
8.85075, 12.215, 2.50398
8.83692, 12.2254, 2.50426
8.82396, 12.235, 2.50444
8.80839, 12.2472, 2.50197
8.79666, 12.2559, 2.50113
8.784, 12.2654, 2.50132
8.77233, 12.2742, 2.50119
8.76001, 12.2833, 2.50192
8.74855, 12.2919, 2.50061
8.73595, 12.3013, 2.50064
8.72449, 12.3099, 2.50159
8.71251, 12.3189, 2.50132
8.69969, 12.3285, 2.50105
8.68631, 12.3387, 2.50267
8.67365, 12.3481, 2.50241
8.66109, 12.3575, 2.50249
8.6477, 12.3675, 2.50298
8.63432, 12.3774, 2.50282
8.625, 12.383, 2.50508
8.61153, 12.393, 2.50432
8.59873, 12.4026, 2.50345
8.58653, 12.4116, 2.50454
8.57408, 12.4209, 2.50265
8.55882, 12.4338, 2.50208
8.54588, 12.4435, 2.50169
8.53367, 12.4526, 2.50102
8.52087, 12.4621, 2.50187
8.50762, 12.472, 2.50241
8.49536, 12.4827, 2.50282
8.4834, 12.4916, 2.50411
8.46935, 12.502, 2.50372
8.45642, 12.5117, 2.50488
8.44463, 12.5205, 2.5044
8.42644, 12.5362, 2.5032
8.41535, 12.5444, 2.50291
8.40319, 12.5535, 2.5027
8.3903, 12.5632, 2.50276
8.37758, 12.5726, 2.50261
8.3703, 12.5787, 2.50014
8.35772, 12.5881, 2.50085
8.34504, 12.5975, 2.50109
